(BSplineTransformSplineOrder 3)
(CompressResultImage "false")
(DefaultPixelValue 0)
(Direction 1 0 0 1)
(FinalBSplineInterpolationOrder 3)
(FixedImageDimension 2)
(FixedInternalImagePixelType "float")
(GridDirection 1 0 0 1)
(GridIndex 0 0)
(GridOrigin -101.18345009072955 -129.3593172451891)
(GridSize 34 30)
(GridSpacing 80.21570569807439 80.29702795912019)
(HowToCombineTransforms "Compose")
(Index 0 0)
(InitialTransformParameterFileName "")
(MovingImageDimension 2)
(MovingInternalImagePixelType "float")
(NumberOfParameters 2040)
(Origin 0 0)
(ResampleInterpolator "FinalBSplineInterpolator")
(Resampler "DefaultResampler")
(ResultImageFormat "tif")
(ResultImagePixelType "unsigned short")
(Size 2440 2080)
(Spacing 1 1)
(Transform "RecursiveBSplineTransform")
(TransformParameters -0.43096861363175554 -0.4944240168596758 -0.4741873524870566 -0.4531684996428666 -0.4296881186512313 -0.41272197632201846 -0.4087213192046343 -0.4263372365790076 -0.47250376722130283 -0.5557446467290634 -0.674541886009526 -0.8171623521638193 -0.9741282214237923 -1.1350484322402132 -1.291269923469811 -1.4356067568707356 -1.5607860078874523 -1.65910230961513 -1.725617133703641 -1.7583119026606109 -1.7542215137008257 -1.7109219551277544 -1.6232604238461665 -1.48269700901397 -1.2835343623030706 -1.0181903144180426 -0.693505402978138 -0.3304577103266291 0.05085492469207561 0.42774177383267575 0.7765837395471491 1.0740306143041347 1.2875883935100818 1.342627220123655 -0.8134985434639177 -0.9729375626948737 -0.9560134964739928 -0.9430785041581518 -0.9207997130605574 -0.9016129971910816 -0.8958210708547637 -0.9229599034823545 -0.99806761702434 -1.139646846901609 -1.3457716748296427 -1.5938032580769126 -1.8656086675221184 -2.1405062493152087 -2.4037269220030155 -2.646000469971606 -2.8568168512125265 -3.0255733531451647 -3.1427104433138475 -3.199584751372374 -3.1879699711332496 -3.0990358951246892 -2.9282050232384615 -2.6758942630145732 -2.339103803469267 -1.9073185147840916 -1.3903765219020034 -0.8172048520887328 -0.2139001267017849 0.39454046390684466 0.9712631359403984 1.4752305879544017 1.8392803978962247 2.0038421183628823 -0.9164913671202811 -1.1143440648039873 -1.1057858499077455 -1.1029790488238742 -1.0851138090020205 -1.062563163885712 -1.0462579535949723 -1.061438981294637 -1.1273130417754123 -1.2669428425967146 -1.479530997026247 -1.7396818202531252 -2.027783995480371 -2.3219362717717926 -2.6059549211609916 -2.868535389613696 -3.098466630614065 -3.2861124301234748 -3.42089810716763 -3.492043655327779 -3.487127099736378 -3.3889511266055683 -3.191146911834035 -2.89556800850049 -2.5098779761802064 -2.0506405537063586 -1.5266849598488321 -0.9372296530393173 -0.3015864749518392 0.3456652989678886 0.9627805193480101 1.5068521093580114 1.9013913049980622 2.1017372113294455 -1.0550966121000152 -1.3169685356821594 -1.3280360439945587 -1.348502253305987 -1.3431257177563642 -1.3161862978948542 -1.279128638360277 -1.268548863123817 -1.3106526710648363 -1.434153666527567 -1.6422272797604625 -1.9116716004267769 -2.223683419064822 -2.5571505011980196 -2.8901055042197696 -3.194696925970203 -3.4573264291088366 -3.679803255112205 -3.853550927332893 -3.9651170054304004 -3.991996616278014 -3.8964129284022544 -3.6621980087636463 -3.276333735283235 -2.7729045903844045 -2.2648582425900563 -1.7565405650863135 -1.1372093713394178 -0.41414858381390024 0.31204559688327366 0.9819120740815498 1.5671181804398584 1.989775118341681 2.217672549313055 -1.1583257175090294 -1.4974341500312902 -1.542155022874741 -1.6011853698998582 -1.618793818036855 -1.5889583681296744 -1.5222909116176468 -1.4692968548784242 -1.464563980721559 -1.543167523073649 -1.7130787036650739 -1.952283864575917 -2.2522242354050657 -2.6176023882873216 -3.0237592763425694 -3.4120754589331024 -3.754190269383271 -4.040340037166549 -4.265533624386773 -4.444974506356663 -4.546998032509643 -4.498218592986417 -4.241213202973581 -3.64794884301854 -2.818462339089081 -2.218451903595655 -1.8661067093766683 -1.3216425847656434 -0.5335947679956448 0.25623782945296436 0.9602110956782887 1.5643404429811274 1.994933221989053 2.226237651769136 -1.2180009690555547 -1.6532788829604057 -1.7498408901218476 -1.8666796612454717 -1.9190275335438778 -1.8861852404171073 -1.777943418945208 -1.659500857378969 -1.575016338365099 -1.5755766337091852 -1.6691255040659043 -1.8057941462674956 -2.004247986758642 -2.354511626438149 -2.8479298513938964 -3.4150227772927537 -3.97044140305859 -4.398229535352551 -4.6927560783179745 -4.952090442053625 -5.024400419987979 -5.487172656501654 -5.8883599951214345 -5.070577544300749 -1.6115722193585786 -1.2865700305935055 -1.8551370584586944 -0.8415243631658549 -0.44923999256106395 -0.011617796637305368 0.7419276701829794 1.4064925839486087 1.8783270249921584 2.1186776856855043 -1.214524774363826 -1.7533304888789771 -1.9148393690777132 -2.1004270438068957 -2.192714072725979 -2.1678061246425635 -2.0527814070870334 -1.8489572850160436 -1.5845676009492071 -1.422316815872604 -1.4364750785468094 -1.312286697758385 -1.278130153717676 -2.0503370051724468 -2.513378552328853 -3.052200800079853 -3.6030866949642815 -4.207530819939378 -4.641555393506629 -4.484588338478442 -3.0527032064380344 -7.530229794125002 -13.294609043863744 -12.125460093990004 -1.3397168983581111 1.8294224701271813 -0.5225490678713743 -0.6514574092857353 -0.21891176916262 -0.5942464453711799 0.25287386038411463 1.0584264724905286 1.567274628388936 1.8218688264425318 -1.141497719732897 -1.7660489157016876 -1.9873972881211641 -2.221623815722738 -2.1446342930877647 -1.9228392365213973 -2.500957010348989 -2.1936465699988195 -1.6176872834545801 -0.7011051932545386 -0.3110680305901887 -0.09657056272888978 0.5545157728919948 -1.6698045272858775 -2.0385496267185164 -3.2231118687953333 -6.0539521298037045 -4.84211064221102 -5.32104686916558 -5.689789834407541 -2.085728235669699 -7.057914386236822 -12.436805898714654 -10.972861689987235 -2.2903746837148913 14.42079805008633 6.950722686863824 -7.592095236605649 -0.5762691710054934 -1.9758859455176168 -1.910632489099868 0.46432720806878436 0.9739354128430234 1.2280336126482727 -0.9872023585614546 -1.6649758872194205 -1.9408396274952227 -2.219486811726082 -2.2738758661697593 -3.3097619044462636 -3.6442611638692473 -3.1203710246811838 -3.586034959272965 -2.2621025253741296 -0.4139263576305534 0.24961267682923463 2.7246028139638447 2.8277066417611167 1.605281546063036 -2.9394094188951096 -12.59976791797519 -12.941621783849392 -7.6141109127120785 -7.702231742486432 -5.39836917166007 -7.5744002539419695 -9.107716369818517 -2.722287411829888 1.6872027720484553 7.496400693024102 3.7211845533528765 -7.906240878081533 3.8576608877896463 2.7557963014685347 -2.1451680761018554 -0.2326262141123356 0.04666571541518162 0.27654884521353995 -0.7333422369998618 -1.4314497169681746 -1.7826930733882766 -2.1961218534067903 -2.8542896874212285 -4.537784303830931 -4.105486104547101 -5.415718031692669 -2.9132964986398555 -2.2751370530831228 -3.646779399872879 -0.1253989932466648 4.7138422243808 3.431931477833496 0.8109762355953571 -7.267473036829457 -15.03897698680278 -14.503251339343407 -9.63762082515718 -9.034449700174298 -8.977358357264198 -10.733507413141007 -12.606502172065667 -5.537122105619859 -3.3923216792269066 -4.726542956230765 -2.0307948273047822 -4.409121597891829 2.4241443089449497 3.8651437514290925 -1.964680679486712 -1.2602791213510314 -1.2592444324176424 -1.1025876728419182 -0.3810317882379758 -1.037410237976702 -1.462342490004693 -2.0642331695260396 -2.587352838448949 -2.410764147758068 -4.81556100121528 -10.09601910622934 -6.044871118093432 -3.0062181205135046 -6.079038390915148 -0.39632864974878035 1.704900116726322 -0.6387505083669659 -2.1991872659803304 -6.967452342286782 -11.448593023234503 -13.259177359412314 -10.761234034603538 -9.413863418575913 -12.211339051165655 -12.758720533659474 -12.099115101300304 -10.725600717622054 -9.663278833761485 -5.370222702793116 -5.013295974312441 -5.439659767372805 -1.462288325714546 0.6507770210412734 -3.3188634986764365 -2.4158976833606522 -2.886549631683475 -2.7997498386300697 0.04998280454419779 -0.4426875661066995 -0.8691506425020915 -1.5648120817768476 -2.360890272770673 -3.0768075311194973 -6.8607254388384415 -8.285739427348853 -4.21805619778667 -4.355359775697472 -4.482370426675578 -0.6234545348046462 0.37076419857023896 -1.462701534463145 -4.9160579498375165 -7.870736794186636 -10.175678151971473 -13.300723004005745 -11.062419447243219 -10.489579132347055 -11.324819428590843 -10.423481424402596 -12.05944719353262 -11.460727028854723 -9.666516908933197 -9.358655072776948 -7.011800697991336 -4.0673921398277795 -1.9388518226282585 -1.2749823951544288 -2.078052205264668 -3.379808669929855 -4.657935528204194 -4.505090405435886 0.5437046675858124 0.3780140207149234 0.06826710613172844 -0.5385456872047224 -1.3998512884016479 -2.9619370508627263 -4.978646552227322 -3.9916817280997536 -5.582001218422194 -6.8690873453958305 -6.352084095361313 -3.7603343423199753 -1.883704884806541 -6.847197124201996 -8.08225383486645 -7.353171734250668 -11.606234315517387 -14.333354935668247 -10.228958861176672 -12.07944017841079 -14.334831558517813 -14.102612132113077 -12.059292568105127 -12.333254749138257 -10.663334804963311 -11.694404357884967 -10.268164279932808 -5.061265832601272 -1.6565882081618353 -3.078703009328271 -1.559002545521452 -4.349228591264036 -6.406544954326676 -5.991242384956856 1.0884304836017098 1.4710902444732779 1.4502793134940255 1.2253615990593971 0.8429712690255253 -0.36091345556145205 -2.202358943386238 -1.3778755615280274 -4.350610140130705 -7.668743433556233 -6.427489894587764 -4.091619652815071 -4.921947537554344 -8.665359697494493 -8.987362560825828 -7.15715893193834 -9.810737133809878 -12.362779784041908 -10.577038154239977 -13.339678328867498 -19.82176196858977 -16.842751619958943 -12.200254504748752 -8.821698903580781 -7.31040552706368 -5.004708998445123 -4.874962254176787 0.1135167298209125 0.12215281673521915 -6.038362393951163 -5.767974387257315 -6.373327509489368 -7.983683368590044 -7.039372570523487 1.6519186270241515 2.7597042101934854 3.17681315788309 3.6034822806732345 3.5658718198346757 2.3654423187914055 0.003036627561370031 -1.947434713468773 -1.3992354630320054 -4.636679958346731 -5.044754818761532 -5.094348361624043 -5.440386754994544 -5.215813912602732 -6.00305474260328 -5.545403033754918 -6.4962770757557085 -9.22377239213877 -10.65481838966171 -14.86480705339351 -15.23072092970393 -12.336371265810627 -9.975931698785148 -5.303605296813148 -3.9977400024493597 0.6323360603169758 2.8405428268853607 2.9430389454973285 -0.054400919877564825 -2.943351467788947 -6.580701306686489 -8.316761484648032 -8.973035483537625 -7.506192493072094 2.1808939651475354 4.0405628675596805 4.944755351524047 6.149601177393736 6.964156956746374 6.453002803601895 4.227227947232444 3.3407270219978806 4.148565790176201 1.2763586447005397 -2.1617940684660164 -5.3021281021196005 -6.074814929968499 -6.67784699989749 -3.9657304901248622 -5.237497437035968 -7.022006948450175 -11.430917930439707 -12.885905701119441 -15.659647448116013 -14.510388410673027 -12.234594151674447 -9.715552869006597 -7.722112554976031 -5.3048176642739175 -0.7746031043686387 4.620928323001043 9.956769227402152 2.710169821175076 -1.993081105907214 -6.408952605077152 -7.7749009135034255 -8.612566745823406 -7.325359025653743 2.627434690136141 5.1454305044728486 6.49305981877839 8.422850014751752 10.170702922508367 10.963279033923845 11.306212139572768 9.8473274372874 6.515043273306084 2.453235019661233 -1.312718150562248 -4.550430280224834 -5.103033570507231 -5.536665162702867 -3.9764836028232775 -7.6464694190864435 -8.126291984889145 -15.317121959508556 -14.69578213425195 -13.253088504526277 -13.083519960630076 -12.656352508091187 -11.205217124089646 -13.008187130193972 -4.28999316017075 -1.5621918178477197 4.584962923757938 9.488905289179495 5.743040973231368 -3.0292671328802485 -6.143525967978195 -6.123915223507906 -6.694998238360539 -6.421575564117484 2.933948896247505 5.8737409564484 7.487227634516787 9.771218752046597 11.91761601727781 14.12761009709318 14.765975863766277 10.876339233157442 5.249715690101741 -1.746099417420187 -3.065424131208526 -3.581906981304907 -4.871920014481579 -4.792984043440981 -5.028782635334851 -9.84623004792006 -10.743064835402238 -13.394439897742277 -13.99115321926728 -12.588985992268139 -10.310461048610335 -9.265722576770958 -5.342714795661073 -10.647009069379688 -2.3839683280013966 1.1377204889835442 5.143169327514393 7.816466540010945 7.511651849275397 6.558016708600387 -0.8680326042754762 -3.5067801245654797 -3.7248121573998416 -4.657657650976649 3.0788438020064355 6.152021037334893 7.8223290441336095 10.058308849048457 12.0361387693947 13.524423219904094 12.052459229977428 10.21594236399868 6.4869326338394835 1.6035769344375226 -2.705116869615037 -7.376072174361706 -4.566948395547578 -4.859928442064885 -9.802510214178303 -13.603549589632141 -12.86147412115906 -10.739557889238933 -10.866382870478782 -8.235472095153927 -2.911763336209277 -5.7737114312339415 -4.487744838866296 -3.4215070840569637 -1.5763406123180856 1.8421433007372778 5.535871655832458 8.518798463475456 3.54588733032424 6.663249158591311 6.7797427650862545 4.893589449216844 0.845486416563761 -2.199020511885079 3.0757416961864577 6.030511984420875 7.623961051581582 9.707588536312032 11.364044516658645 12.063019811282993 11.637195822473862 7.423385333983639 4.787267389680231 0.8257254617709154 -5.035513021554899 -8.139996561412417 -6.134935611424978 -8.446010673976234 -11.898854833785403 -13.786486154640595 -12.219248873245359 -8.326608581901189 -9.697403057309254 -8.142713954521398 -3.1945164110126534 -7.051383853523674 -7.265052667870964 -0.05475839093952104 -1.7309946432574534 0.9173884053021912 5.123170342847072 8.654483728614737 -3.030632692737108 -0.3135510593704224 9.254427959417509 8.081480712107581 5.095513463850681 0.5019852112445913 2.9307962675180397 5.535841349992126 6.934549609780015 8.79178410232665 10.172245039916492 10.129001294646931 9.146660129466731 3.930236171879434 -0.7763202903804546 -1.2056986947990036 -1.433590588222135 -5.3915103017684824 -8.086092355745631 -12.136394595710438 -12.104959175682673 -13.079734700371679 -12.57703621898058 -10.072605741201574 -10.577005366367306 -8.334734489575656 -5.273063759116819 -6.375239042176125 -4.398421750080094 2.794068830500754 0.20467989097738085 0.8674251093615069 4.652804957631389 8.416365492859494 9.097628786325323 10.059035457073373 12.679663301248384 7.97650983012214 6.975050024570654 3.0115410174992023 2.6450914593478267 4.684904747149342 5.738865162362409 7.073795710618089 7.8550686013682585 7.315239987612919 3.627749952610377 -0.27395971927171336 -4.1672990476308245 -8.061332152570316 -4.567710809154813 -8.291276871518608 -10.893961322664031 -12.465826706439113 -13.857760488993978 -14.975275504183772 -14.907575274457571 -11.451236605643691 -11.36673246981279 -10.244585136603614 -4.354783343171701 -4.267668629804649 -2.45638300647667 5.159809649135992 5.416724287483371 4.115280873402214 5.570148814128073 8.416958018379278 11.935912072781987 11.882729780481517 11.13829115858169 10.902106109086205 8.824431074889283 4.886306472880188 2.2458726587932274 3.5678204966565534 4.165289882330395 4.726905421556251 4.603042443408565 3.041812065576382 -0.6562606225340607 -4.8164690478655 -8.046426025578029 -13.874753247948826 -14.351247243866393 -15.262906714653237 -16.055899739355024 -17.814028118479946 -18.9954255632543 -17.205227640280153 -17.160450351874132 -14.318943417310228 -12.564606886301595 -8.95987457116799 -3.1301773682403655 -0.45868546520362297 1.1797774107062498 5.979864319175556 8.957113271435272 5.634197142916142 5.681649439572092 9.406962738537471 12.806529497033832 17.937476054803597 12.994546508178601 10.52169809867495 9.287880066114466 5.998373442330585 1.7878566520006012 2.3509853060931225 2.486115147209091 2.322961499772348 1.4260568191730423 -1.4161234663023696 -7.1359656651994205 -9.406380475255498 -11.666873163094339 -15.207973293074865 -17.345348369163332 -17.638868003371705 -20.80353062418802 -22.62084382389574 -20.944946554270196 -17.604117149282292 -16.10389801202596 -13.220477906282348 -10.429982170851279 -4.838102865966115 -1.3167618148088356 -0.6465861427992483 4.46679624601725 9.31588796874568 9.472777887771956 6.265489248302833 8.782643581360492 10.897394006282743 10.722556450753668 13.330052831369457 12.407295557187302 10.404582928571331 9.737211422174541 6.510630546723503 1.3163668276261637 1.1800386681003985 0.9201162898615294 0.22061762859375353 -1.149765991326261 -3.6884525257214467 -6.730928007731185 -9.779656189896572 -12.499125930119677 -16.35875519452734 -19.954704571502635 -20.22758602962788 -21.53232698738124 -19.86711288974205 -18.730748046626392 -18.101511229997204 -16.137860412825827 -11.760532578378283 -8.162514672925022 -2.9833637604732592 2.191457820951052 3.9563098115006086 6.93477435969189 8.896336287332105 8.3299704302299 8.403138567110831 11.13255355089168 10.31458086795086 10.055359162514417 12.283123772010612 11.814552697047171 10.12103914603209 9.622776093655045 6.539150389303138 0.8788735335327144 0.22903299367439842 -0.286799500470632 -1.2682875080732754 -2.7898787967373404 -5.189317384014113 -8.071649906364538 -11.345912770591053 -15.387683920942315 -18.79246012418213 -21.15558431579894 -22.623115815290422 -21.263806611753953 -19.587951365012174 -17.767418140220457 -17.197859518853726 -14.859106557435355 -11.582249733171096 -6.657564729442599 -2.005011083645081 2.6192910828255527 6.348833789883125 8.380609478913188 9.2626167549712 8.391634833917147 8.525973521794072 9.487414278174018 10.12769638738266 10.239880952731028 11.792138273387495 11.852376443566351 9.790111873046623 9.021390646387518 6.268382480873756 0.5054488461695786 -0.44338553127588287 -1.0693077049236388 -2.101753725543358 -3.5173066864193476 -5.557088397933126 -7.792191716926497 -11.025173791325066 -15.01547799208106 -17.796527989875017 -19.68425360405617 -20.188865331402415 -19.177276935176355 -18.92522542219625 -17.105204599456165 -15.40383929933612 -13.311918061530955 -10.470951860207153 -6.094927236221904 -1.9938634602237044 1.766749736729038 4.904133806760748 7.111355096353778 8.229163292281145 8.447515501119778 9.101178248533161 9.633867260956313 9.993922615431565 10.09601633433336 10.033768862661873 9.623632966461136 8.827675064505657 8.268076814298405 5.8436902040735825 0.18199038206685988 -0.9114754984591178 -1.559957452363143 -2.5593125492723603 -3.819353813086753 -5.509982236267797 -6.99263891449141 -9.463649866986914 -12.690665276041706 -14.88159005057596 -16.16927836627133 -16.439828140312283 -16.4198287654491 -16.120309608344648 -14.980030762302802 -13.385218402111041 -11.356157157975218 -8.752069318997075 -5.648843141439958 -2.448004815347556 0.5852931792291516 3.172032251334787 5.193091937358359 6.665586546679941 7.693201243057709 8.416119157735107 8.880236764089682 9.087124431383058 9.056334395138043 8.800599442981925 8.382199429474252 7.78173530052464 7.344090992192076 5.259908516314713 -0.02771753404389527 -1.1719272439837614 -1.8109560624777539 -2.786380203215481 -3.9670384832576446 -5.4973206775171795 -7.274338726290278 -9.298344827573418 -11.352966814299627 -12.912055882175505 -13.887325602212288 -14.485827700540368 -14.70599554639252 -14.374818244888363 -13.47041058224104 -12.09804166320123 -10.30303785322257 -8.060850127615504 -5.477544487993517 -2.7887466700128636 -0.18548518381298143 2.121291281323555 4.036678468888873 5.58120115502059 6.754222403683677 7.557601218818596 8.020440455201085 8.202738425970344 8.155333580224905 7.918601542775449 7.560852532677671 7.057323947397966 6.704316898470553 4.846827536719836 -0.4515265612525419 -1.4703747058341974 -1.9652678244945154 -2.7157402922860268 -3.567667095082029 -4.558700316504285 -5.634501793168488 -6.716572799091723 -7.72329958417582 -8.549546795471155 -9.147211638219622 -9.530457146044672 -9.669107165757005 -9.489045883601914 -8.976427929671978 -8.166592289640063 -7.093276202806829 -5.795781150877675 -4.335061721754826 -2.7972112621326986 -1.2619104798927454 0.18358241621670374 1.4794359050885513 2.591310140004126 3.4833823144020197 4.111593845436874 4.482888523374857 4.657906329990996 4.679279892521736 4.582015745585406 4.411934047843786 4.156467916415084 3.9834940121566182 2.9117193426732233 1.2507895176822201 1.9161447724720453 2.107764074648634 2.404526913282846 2.7091275570348152 3.0356377624664965 3.3717919535104777 3.72208037457366 4.083538853588896 4.449455614637221 4.81821599923917 5.192684093493589 5.574569583456706 5.965276033235612 6.36749201790486 6.785747269185186 7.2227384624996995 7.688880359671846 8.160365908255848 8.578873601385022 8.894465607253855 9.048145833454445 9.01212836766898 8.787482022906827 8.374199744522603 7.770778414015243 7.006076550135808 6.1416906846768535 5.2289259011240015 4.3122025997783595 3.451562321625568 2.645580762729266 2.101626085618643 0.871849887074966 2.1529872409294972 3.4049385982321763 3.809074100181029 4.411955114166193 5.013926375931718 5.623531041801469 6.205564983646013 6.761697155946604 7.279460425569028 7.735693871189288 8.136215654003374 8.514771175557147 8.898751578973421 9.316396320792864 9.797159298294403 10.37427128706714 11.07343076312255 11.943343647950336 12.921361444109646 13.831608228114261 14.528062154628214 14.830452851796531 14.683521377253978 14.154183823197227 13.2846275224805 12.115348748699633 10.721608383492967 9.219186641868903 7.7033117448110335 6.257839730632364 4.96589364257985 3.8005560824884177 3.0315325296772797 1.325275756785852 2.4146000534926744 3.8924760002948706 4.399002436742418 5.143923885821637 5.882373507626212 6.613776511246644 7.289824868774854 7.908735840789438 8.4525288739337 8.890651689206347 9.23552060758533 9.54191945339867 9.855659991576667 10.223555155784156 10.69302860482226 11.314345255663616 12.13415024103625 13.240924402889657 14.554912404630771 15.834680658117481 16.859677250111872 17.339212644147164 17.166949195962513 16.385075690836985 15.097201441928975 13.524176737600751 11.807947544396963 10.045755997635009 8.329564650899666 6.735201263030929 5.338432931162257 4.096543753158488 3.2838306196719773 1.479425170488828 2.7904183661414805 4.609036193187938 5.275225072497917 6.241098106526255 7.1923612152920695 8.113533765660259 8.93562058537798 9.650474375506445 10.23187656197574 10.637741458237235 10.88999797980995 11.07408832854337 11.262476527527873 11.53158782933469 11.954861648126759 12.596564006703652 13.556687928693439 15.039873315026119 16.974210304989924 19.054348129910878 20.903453159004417 21.943332680300433 21.847933160327575 20.34980435331835 17.753380758889083 15.101433593664822 12.78868369311362 10.730221589711716 8.918604242199475 7.293747754244542 5.867437999342043 4.58847945549357 3.7458629373690164 1.7946061604464632 3.127109266424826 5.305757418361463 6.157152500106825 7.382514465380518 8.589751538163963 9.737375368748483 10.727292624041212 11.536317442310809 12.12940556010204 12.463591450656509 12.575884658413457 12.584638324266836 12.588605779505025 12.68919336319668 12.989380944580729 13.567286871820308 14.599802813517027 16.476780502451334 19.160915052204825 22.283106570916008 25.26298817571827 27.131173438095107 27.20000938005832 24.57167110705836 19.909164921339908 15.773806547686089 12.911632785432536 10.75034274958157 9.009763977725605 7.5548996040776055 6.280917006561426 5.104941351845426 4.317825886708622 2.259765376784101 3.421826555862309 5.989995384061646 7.065204971941759 8.624931328845584 10.182948596026991 11.635795999221289 12.832107293758282 13.710422186693163 14.247473743924235 14.445726852771724 14.362955992675953 14.144145527762857 13.90007819053081 13.722351924344451 13.757844228061687 14.143889308038693 15.059624073275574 17.197173537587254 20.788773375604606 25.307914639648907 30.152504278882667 35.8270501505342 37.82613648340794 29.666452555848124 18.40859243052818 14.604224027930856 12.730424478102087 12.614234807552403 9.095361627280909 7.450285149658023 6.521262387230904 5.641778123515725 5.057061528265305 2.9622652389165958 3.6360232059822755 6.570600434921854 7.87369749359997 9.78018589604904 11.716944029200494 13.535493723930086 15.036881223014861 15.953129704065601 16.3185716546553 16.49763779215752 15.963151826997773 15.648236549930486 14.67800465710261 13.850111432329452 14.03061362693731 15.006012890160429 14.628155858365396 15.417459558024376 22.075633518683606 28.768552019597834 33.736000316803384 41.5239782484118 42.815316921715905 28.83072118936309 16.066070465710737 9.556452518516922 11.046031400143361 14.904740015585427 8.611777691639032 6.774074863235727 6.458122671760605 6.1472427480809975 5.922087602004754 3.890808544611712 3.753295954843903 6.946596843479266 8.404328402428266 10.509543937147647 12.675415744845045 15.197334951837787 18.09198160213469 17.06384422564834 16.85860210036146 19.972018577476167 16.73149253977742 16.162908644442357 14.719590380046148 13.042908129864163 11.874838987573344 13.179176988526562 16.861495491994194 16.02513286817524 20.562991200140903 23.44085813440384 25.376308862762784 26.791471620735972 29.171798882550746 24.2971581058341 14.77035482918028 -2.2104785096376984 13.10074751446519 17.93235130769011 8.835514329065958 8.350421151777544 7.206921815180923 6.548651173121893 6.80727201940803 4.970508771704625 3.747647411130513 7.032004082549219 8.53444250539903 10.633106909712733 12.646587617281739 14.953036335632751 16.975407395639618 14.83879053353615 18.397593123644114 21.807662100086525 17.29467747994931 16.001535828671702 15.046773322969239 13.72702317934873 11.728698055356121 10.016659638000633 15.099371359014341 14.490184906307798 14.849161429344145 16.47885194130051 19.567935439800703 19.81060769489091 20.20072487633402 14.680261389129969 6.773727755329217 4.90150568238073 13.90501136661813 12.834732830530445 10.046513130484506 13.298023386874078 8.510583361007392 6.703202551205393 7.69791616923637 6.12362622628068 3.5764709298127326 6.720989700923294 8.143999138407555 10.050081480824858 11.434093962679395 12.400774885844564 14.512947070701381 15.48277922944539 19.223365326747253 19.73285912482276 16.796983309508974 15.762426513678431 15.193106907321138 12.798210446900468 11.797133599824125 10.935239621354414 12.826547114469887 12.595930348780088 13.803946414511232 13.622509297335764 14.687623718877804 14.66837391356569 14.279716117707176 8.705324239647236 5.875622458685327 9.52476386528914 7.121916488137208 3.394969606469556 7.3263914562307715 6.218678660888656 2.761482006119211 6.9923919423517376 8.702751622834292 7.260303347829474 3.2492904748167715 6.03199435907215 7.261532160643066 8.832103062444762 10.190478070489837 11.000398598439924 13.69264680988203 16.005686123813664 16.02304285466968 15.315548264482267 14.58778600907997 14.49233230184006 15.049451843628692 12.894359088535237 10.756463954015562 6.775445087961977 4.353881670851852 8.62935513881856 12.428719779876413 11.123434120102512 12.686665209233407 10.95196041713146 9.602346794458457 7.293319642135156 4.913454305476407 4.918119787487039 2.98633627581506 2.414029458720259 5.549453018048049 3.0813449634216044 2.616653941114703 8.066639020049664 9.729186489502402 8.262141019521568 2.8275134975743557 5.107128210786562 6.063321364223235 7.197798889205513 8.077542469240887 8.624738934874289 12.457850369679145 13.878566513993956 13.72663417674911 13.24209308190052 12.711828331404874 11.52442658105664 11.5501658329827 11.838171345898065 11.541204334227572 8.859233083304385 5.21474984382746 9.021154358050328 11.882911649989376 11.522155747542296 12.573902615808322 9.110556254369394 4.230523937179306 4.145055172821688 2.174225992112731 -0.40075860852963147 1.8837135097525761 1.7823872110816723 4.447018776122429 8.184832438314146 8.945111765051385 9.267846828484474 10.525052957326016 8.962141646401681 2.3576664323748333 4.069195506003185 4.716940293716676 5.381619169216921 5.549690413524539 4.565819328862281 9.01546979616399 10.611670274436216 10.180306975729293 10.139676459229873 8.784971205826269 7.5006447261115765 7.294982522139659 8.785922581493722 9.919553694366869 11.437424768747979 12.385323347251294 10.06368312805035 10.063006312203088 12.181409956934125 10.400191946163751 6.066245809720758 3.1191605713497403 1.3092717911936753 1.3735225576784749 1.3736142108614937 4.717853818599898 4.964302273206826 6.288165982235039 8.75693741949893 8.488005430633654 9.442316776346308 10.81854405621614 9.257262823020781 1.8930259685178108 3.079059524207465 3.455133128275788 3.731474093079772 3.382874812183329 1.184022136550559 4.459177769424862 6.431586723458185 7.389810046671663 6.1180674919883495 6.053699166623395 4.060624899005494 5.085148831307198 7.969576678358474 9.09580558418452 9.053310925208908 10.556785871349035 8.837341068196139 8.56067178694905 10.889725402366356 13.920292629495078 10.367667704123729 5.761315323466176 2.567630987776444 2.408489149809846 0.47719251445022615 5.485313199715836 7.716654305855483 6.037209104002513 6.19994796718405 6.693804165947533 8.124467855923184 10.155095125722244 9.08243239010071 1.456952527338683 2.204335507909444 2.3698491745425505 2.3619961033721117 2.0891805944078015 1.7533311628583874 2.095881461342739 1.656678399732045 4.901739604282897 3.857999085347504 1.4520262678084002 0.6882204156856849 3.5735504794456947 5.940050269532523 5.541131361549226 6.9261581546546385 6.00487188224151 5.412562749517644 8.385788660585428 9.484335207512911 12.972846358745713 12.66287452820227 8.84223760664272 3.523862036381051 1.2816307336163706 -3.0292989871113742 -6.216098382814805 -1.7244699258743346 2.3281469209615726 3.972509765739157 3.9380099238405255 4.815345418806267 8.559369302529504 8.422439212598274 1.043105654142406 1.425146013387989 1.4197529001204188 1.1527997067900257 0.5899554966378949 -0.2991665935143903 0.7390059096356909 2.370198867750194 3.286211094303478 1.6983809751704801 -2.951847503797952 -1.558464968043226 1.2917237024406525 1.9787967436748934 3.3054335149447547 1.4294018355274911 2.33242222624047 4.345638147629465 5.845104141992661 8.72972141573718 12.813319937955137 12.458426839294644 7.486020902053722 1.949877996353491 0.0596926894349709 -1.9722022952702483 -2.601092687932816 -0.3659255173567738 -0.38967443095465915 -1.4620991583012137 -3.9509339309517233 -0.33121698884862905 6.4854052319997315 7.32974938518952 0.6519281535153723 0.7389655879641149 0.6047497793151078 0.12355477419729557 -0.7113387165432935 -1.6919172472052046 -4.115503985694158 -5.443815555337256 -2.591345206534582 -1.9877757069390671 -4.476319574513446 -3.376576930417668 -1.3169264257578877 0.5185487848562211 2.386047768924667 -0.3170758871964086 2.0787896522365084 0.7089691680796326 4.470498206253566 10.723594748443894 15.589347090930211 14.636817287344908 11.749699727117495 3.3128905783637705 0.07393668304055544 -2.9072383627189784 -2.8603971229176333 -2.379564084782429 -5.8050602580840724 -7.358090090101417 -3.6816950042455017 1.4536375372090613 4.505383793680959 5.819713576074316 0.28348780434991366 0.14262168850291376 -0.052236153583195145 -0.5776599613041117 -1.3853417266442747 -1.325512867691722 -3.689631017694632 -7.980713571753041 -10.642068771095788 -7.757329790624266 -7.006763488880046 -3.3163532492765113 -2.002074235448574 -1.0234761525531566 -1.715167796849674 -4.428590143188412 0.2552165642243398 -1.6010169919347 7.125239866745199 11.805278717820308 13.656478973940475 15.732886276327184 13.508070770227302 2.9508584691095465 -0.3792472960800401 -3.267685087586428 -4.6498693920672025 -6.939887713632854 -8.866285577536662 -7.610431062109208 -1.3546189738671472 1.8717957687632045 2.0741341751935707 3.831378323897556 -0.06468400777039603 -0.3840650603723736 -0.5852281711489727 -1.0112631953458457 -1.5629103080665343 -0.8582929741507328 -1.4282357087499125 -4.194451408395383 -7.155239673369269 -5.635604443292812 -1.5490673617208535 -1.972347006261059 -3.823619221227172 -3.412877781441003 -2.1454102538967526 -4.333572410638273 -0.0947185873959629 0.6895411815909968 6.306674056298981 9.064545431473743 6.676850513522483 5.23909338291533 1.9917287500786756 -0.021880200831389918 -1.0812526531170465 -3.397774821652524 -6.183260872697129 -5.345613907530136 -7.248778077872443 -6.796907882383736 -3.5488188032120864 -4.780295698020208 -1.5840970315206198 1.5234241305744483 -0.3983612347618646 -0.8809829342633385 -1.0883838007735274 -1.4522927807406174 -1.7988244646647777 -0.4251419687071196 0.8976248319679359 -1.326777885198635 -5.1321258560501395 -6.328952204403598 -3.470487672316802 -4.501220128321005 -3.7912622505545337 -3.0412101644813747 -1.4521629891860457 -5.181861841447666 -4.125229671430969 -2.6377995262151916 0.7994795697046201 4.121049658496227 6.438743377171802 5.996407020456567 1.5636823163115554 -4.240968686132261 -4.219140022401345 -5.85624577046363 -7.752382914209553 -7.167571513202563 -10.336411002357446 -10.202664616960018 -7.449093837374486 -7.300686751604853 -4.390528186520297 -0.6983532119779814 -0.7214059383884232 -1.380448336742166 -1.6236233086180811 -2.029792924920466 -2.399740642714043 -3.4461843195203605 -4.091829369459785 -2.048850926357987 -5.001012403439433 -4.883121173347893 -7.442380899197621 -8.233594444394598 -1.5227083959463963 -3.687652558975078 -3.358116991337658 -4.634987520267548 -5.883132666288485 -4.335864024799411 -2.967257995523363 -0.9375201914611578 3.7247465021738435 2.230506072737317 1.1800360394220735 -2.037270620045726 -6.1035601047742665 -7.058729074948533 -7.300951459054114 -7.574436640846462 -7.5568225411844665 -5.426512001932081 -8.934159504887127 -7.694918084793671 -6.156294271274535 -2.5833347439834067 -1.0391890647350939 -1.9256685503474011 -2.257213476998945 -2.803291471926083 -3.334314358226632 -4.589876364907215 -4.181779319526877 1.1229218327149617 -5.472382192567362 -6.147385961737303 -5.495478460469672 -4.639044222139399 -0.7305159645642059 -5.064936542160633 -4.551325789708024 -5.499423300770689 -5.206421172167932 -3.503494479120351 -6.536074611120259 -6.009773711447501 -2.7544862247384065 -2.3488498653004886 -0.08947133936646307 -2.1223526344159915 -4.970353509387319 -5.4155057647627105 -7.134559038612716 -7.280961885915568 -7.014402920069822 -4.0413576576383665 -9.23424967221185 -9.829628161775691 -7.897256354508509 -4.041347021774581 -1.3475465543748348 -2.510780499911915 -2.9765646431020145 -3.72654475213918 -4.533269954930759 -5.623318657828274 -5.501685147773338 -4.288893012718802 -8.0956356321352 -8.518683519969825 -6.163955384468591 -5.648799156193349 -2.6192898656140136 -5.136066037922601 -7.181081041946498 -7.341971453125381 -7.859937283345479 -5.537612001164255 -7.667529601357378 -7.667623998616175 -4.825728914023206 -4.093057582424588 -3.76483404307762 -7.403901682652079 -7.594960198537701 -5.591311692406592 -9.148022962208493 -11.729942983143767 -14.478612277397032 -16.415612568614836 -14.358231948882624 -11.974087149583678 -9.475541375338604 -5.098199814414758 -1.6327606741633947 -3.0822370639027286 -3.6844242149273576 -4.605529671069689 -5.5879778264610165 -6.454742875763468 -6.301294188816879 -9.18937839243786 -8.736721817268075 -8.118877912871834 -6.65620539889778 -4.124601682999795 -1.3927832528417796 -3.2412540599373396 -7.062612658545204 -7.443691784281338 -9.547293565985902 -10.225131115965421 -10.90198251303067 -8.278342127834454 -5.525283664943126 -3.040882557732019 -3.4040058650655465 -8.479751494709372 -11.314950927260163 -8.134019649343262 -10.423972387598639 -13.429790295930447 -15.896478446072662 -17.298934064638264 -15.205310782233417 -11.2107150699958 -9.624425061569612 -5.899207423910819 -1.8825039732481417 -3.5921406126061464 -4.308748528684526 -5.338585246895523 -6.35595115995501 -7.220048899003035 -7.373599151323459 -7.928330796152012 -6.433700482294252 -7.9865874814132045 -6.284096486473587 -5.119036866061535 -3.018996400958222 -3.6116855563028745 -6.7933075740718305 -8.46573512722261 -10.41998024167005 -11.097884600518567 -10.016212885520517 -8.095738089924247 -5.785895813011137 -2.156905482641241 -6.044238740798389 -10.42703126887457 -9.511713561659311 -7.912758369639037 -7.542089529522754 -8.178463577779763 -11.796178957982386 -12.024892178738867 -10.467837951801936 -9.532393159145839 -9.406783726288769 -6.432636974084835 -2.0790970331334004 -3.969681398085507 -4.761377890709868 -5.86225582515304 -6.903799199069225 -7.78202562598768 -8.350902528560834 -8.92115578402279 -9.311165731874466 -9.351236718369139 -6.724273929722483 -8.347048133911812 -5.270120000477913 -4.588045606049312 -5.946475036151126 -7.826915151704786 -8.96864899187595 -9.20981220969704 -8.658201365034653 -7.527335278177501 -5.991012411183649 -5.143982959080069 -7.490957373101561 -9.166566169419589 -9.044695390677413 -8.849254495838625 -8.8640706571972 -8.78304233977287 -9.797167912756583 -9.396314234186134 -9.267774791775585 -9.344192458466065 -9.019097508600098 -6.518893693744257 -2.2198094024934085 -4.203184515404532 -5.028917465013565 -6.17459004197912 -7.265091395920023 -8.254290812651526 -9.129219569916865 -9.18192985022069 -10.867902916002555 -12.617985210950994 -11.31346781104584 -9.93381469141636 -6.908611319284878 -6.5992807805035065 -7.226754612889472 -8.26695686434342 -8.834298387436581 -8.771234988140046 -8.263767947103043 -7.333961500901563 -6.382446980167545 -6.298637891714721 -7.093014237678924 -7.865902459674504 -8.107409723290491 -8.201380667542969 -8.700837224500573 -8.893947173013991 -9.046846949034693 -8.93679199069401 -8.956181426582893 -8.642644828233527 -8.380310113571035 -6.204463710597888 -2.2978444787968217 -4.295736711997537 -5.120676361494755 -6.2851875717033785 -7.429722408658936 -8.54483343153267 -9.748188798660529 -10.516357880847952 -12.29315530804077 -13.377930065562198 -12.356114337661714 -10.843089058251014 -9.369519583162381 -8.665856642049977 -8.53795656598444 -8.555332882428969 -8.597806160589638 -8.359921077977798 -7.835847190512387 -7.20627065392958 -6.685085791572525 -6.61095127108495 -6.997137960569538 -7.480281811320682 -7.891356897420546 -8.172714646774848 -8.308994608536432 -8.35328825729537 -8.331091678866034 -8.214961991735294 -8.031357824958327 -7.707091322831602 -7.503657672897245 -5.610200288426839 -2.3508134865461363 -4.3475213129924715 -5.167732283011239 -6.354949177449507 -7.568096236312619 -8.81387473640515 -10.061107586268854 -11.267301268201305 -12.285152255191464 -12.629426083640052 -12.229500666534484 -11.392446401616775 -10.360674470649915 -9.546567158609767 -9.068660229918086 -8.755874539437743 -8.507492276128877 -8.159117955976848 -7.698074507356726 -7.252563978742292 -6.928605801029617 -6.889618392667909 -7.12542533432395 -7.445959128362857 -7.743179428984717 -7.928365348619325 -7.973150057688886 -7.918884430398057 -7.787207402284431 -7.592717572273992 -7.36493637161996 -7.036116185274469 -6.836456800324767 -5.127439392507525 -2.0717171203049443 -3.707449240012528 -4.349911119375169 -5.306619594178391 -6.312953070846995 -7.399200851940934 -8.461808947156177 -9.363266051441748 -9.984626370585424 -10.1760696574931 -9.946224308974761 -9.469712779575934 -8.863153796676988 -8.244776430552156 -7.673367272256683 -7.144336409043055 -6.671932543321831 -6.2748268545198 -5.962561953393148 -5.736501180549289 -5.59838021337429 -5.555330190324147 -5.587350884000021 -5.647526503934966 -5.692835031807545 -5.664682618684036 -5.550956539365993 -5.386171408459347 -5.18828001689234 -4.966883643224937 -4.743274429344343 -4.479712367694731 -4.322056796326439 -3.2381158992386836)
(UseCyclicTransform "false")
(UseDirectionCosines "true")
