(BSplineTransformSplineOrder 3)
(CompressResultImage "false")
(DefaultPixelValue 0)
(Direction 1 0 0 1)
(FinalBSplineInterpolationOrder 3)
(FixedImageDimension 2)
(FixedInternalImagePixelType "float")
(GridDirection 1 0 0 1)
(GridIndex 0 0)
(GridOrigin -97.06530906117723 -100.85728912256407)
(GridSize 29 26)
(GridSpacing 80.13011114796157 80.16984099967598)
(HowToCombineTransforms "Compose")
(Index 0 0)
(InitialTransformParameterFileName "")
(MovingImageDimension 2)
(MovingInternalImagePixelType "float")
(NumberOfParameters 1508)
(Origin 0 0)
(ResampleInterpolator "FinalBSplineInterpolator")
(Resampler "DefaultResampler")
(ResultImageFormat "tif")
(ResultImagePixelType "unsigned short")
(Size 2047 1792)
(Spacing 1 1)
(Transform "RecursiveBSplineTransform")
(TransformParameters -0.9559971761045274 -1.910399752850809 -2.2491080637753766 -2.6504120568120233 -3.0821040638459447 -3.541136015506387 -3.973444606614371 -4.352085501919392 -4.646452574890376 -4.836374414450057 -4.901422035378217 -4.844394577607108 -4.6680667613778875 -4.378129854734535 -3.98028308335427 -3.485468887241893 -2.90466196388413 -2.2631184091909065 -1.58610331086595 -0.9241652808130254 -0.3278565425303262 0.1818852444686951 0.584012230213502 0.8720528053276053 1.0379832372597013 1.1087482277379272 1.0897199621909257 1.0160281387949963 0.6223224769337992 -1.2595340679022686 -2.560345004177657 -3.023822179472704 -3.607442979346732 -4.300463903699762 -5.084123681737121 -5.8698711808224635 -6.5616758013308 -7.05844133571386 -7.345790829974908 -7.409125993307243 -7.261859295572555 -6.917446180861112 -6.390682828026157 -5.696238222763174 -4.856695944096711 -3.8945292126831705 -2.853278162669282 -1.7765496636530804 -0.7405598355075813 0.17849881511884436 0.9503805094016844 1.5444885486342925 1.9516338136945426 2.159520418073491 2.2190116638667825 2.1381676283004714 1.9750700500010694 1.1917673719014248 -1.2810682743671382 -2.611344535118518 -3.082572722632292 -3.694860429749356 -4.457892607456029 -5.375785521629076 -6.38014915845852 -7.28232495993046 -7.887703199132105 -8.199536372058471 -8.221244071232125 -7.988291084696723 -7.536161323564849 -6.8846277340293796 -6.053572110609475 -5.074820649503157 -3.9799541588620895 -2.811463133193712 -1.6115791710760397 -0.4664261809785029 0.5382550123201497 1.3698934251571986 1.9954213259909317 2.4108283409177953 2.6082604647246876 2.6469063216660893 2.535255060120171 2.336411309791895 1.4056306035722221 -1.2982381377954983 -2.6621470620940038 -3.136761874161187 -3.7552053154945693 -4.535158276593638 -5.653994390538743 -7.213333747775866 -8.715491646623356 -9.647159303995576 -10.045067144790899 -9.942526198719879 -9.463195351824574 -8.73336181477825 -7.793257882747026 -6.6837425580365375 -5.447954051992441 -4.128754432759391 -2.7482309167912753 -1.327897014358026 0.016018263382143585 1.167294669137592 2.088421661864005 2.74125644219608 3.1416764555226164 3.3012911724247043 3.292894490335729 3.1262511579826766 2.8700673139487365 1.7178705627973914 -1.2541275081504704 -2.6001476297126573 -3.056159311676747 -3.6276807596091647 -4.319839368311839 -5.6249350200875465 -8.131984145381171 -10.50323064275795 -11.694886763946872 -12.228806844089453 -11.998996648822777 -11.204608141597607 -10.134482927429788 -8.827930519124054 -7.334293982301087 -5.759048950482233 -4.198349418030118 -2.5960738601156907 -0.9026081125084048 0.7029508922356661 2.040722441425982 3.0518981709580966 3.6781352794889464 3.9940156952459285 4.0668565535997345 3.979359902517054 3.738738679032204 3.4157799624832412 2.0311726277248665 -1.1406834388264508 -2.421242402281366 -2.8491996673310456 -3.3444109385878 -3.8829800443504627 -4.970410575737763 -7.6345809947608725 -14.680964733658483 -12.798880438107332 -13.420893243002869 -14.127624613837975 -13.559039461410263 -11.89407390281205 -9.791581873590484 -7.248555925677477 -5.692943099205344 -4.146054794660978 -2.391215662221455 -0.3800681865921774 1.5850748187644663 3.2073694183547263 4.347337001838526 4.872079877753652 4.996520061592834 4.921306251012588 4.719439849530801 4.380369956201911 3.97684548197322 2.3438844073865677 -0.9395895491488486 -2.103227791127663 -2.491991460389606 -2.897170414971423 -3.2757688695377305 -3.3399902011781966 2.384917030327103 -13.53090588104159 -15.748266414543098 -13.602890595981046 -17.065239113770705 -17.945495940835297 -15.118168148645292 -10.033835717529303 -3.786188327016993 -4.140857789811318 -4.078340950768916 -2.2646204217840475 0.24503723073086453 2.6605203473600563 4.608325429815334 5.824038678330233 5.382767142348376 5.62425698508458 5.792037934684916 5.45025395279501 4.993976997244602 4.503684706431181 2.62962426241597 -0.642834056111506 -1.6450779541591314 -1.966450430000037 -2.280039101589598 -2.5842845798037914 -5.939772457900309 -7.613878526569212 -10.358313297075961 -17.84157881632904 -11.986769737351729 -9.625274653136948 -11.708996595625555 -13.817045745890377 -9.993272296194132 -5.484477577391792 -5.609885515341615 -5.880445866512626 -2.618453286257029 0.9480940919305028 3.3514855903175866 4.384366469448701 6.771867151526038 3.7131966629927287 4.718852065029681 6.630238630102609 6.1137187415771885 5.523450168491716 4.95426857766248 2.8731581001881303 -0.23483956975840195 -1.0504929371396012 -1.30266731392969 -1.5804632076012246 -1.9358506677840173 -2.4083553088835 -4.91536591977938 -5.828769340546789 -8.829204466893696 -6.88509058042119 -7.073927813545866 -10.268770019510526 -14.77280538139519 -12.872185453751205 -8.554001670484869 -3.5598031575957156 -9.6656464528745 -4.333810247200864 1.7188561918457241 3.34647442899647 6.835699494813524 10.033366567403924 8.61714223678357 7.47174351410736 7.3873533857350395 6.614665041176177 5.9066758734981715 5.28186867144229 3.055249220544623 0.3125080038775997 -0.35000601644143586 -0.6259831520202299 -1.077036170604258 -1.8096321585693655 -0.9527073020710622 -1.237357756627199 -5.09175547709835 -8.055802581566399 -5.604017385524855 -6.653493953794359 -10.326306674088743 -13.87235180927568 -16.59220190700884 -17.468689812991915 -4.1774506374174765 -7.884744034111961 -4.105274057699136 3.7748795521751823 7.87786407891799 11.888335622126805 13.100870116295608 11.127909972625618 8.967974450517593 7.62160678103287 6.780951401520352 6.053743865717093 5.4205200651949665 3.1497389093266164 0.9970315311449035 0.4879532626949094 0.12102602984302084 -0.6733438628654272 -1.6561346479966474 1.8556355925952017 -1.0229053941275177 -2.764573592918397 -3.8190394321749617 -3.8774403215717603 -4.362079249484661 -10.618131374160875 -13.708871973499125 -18.57492734216465 -22.60692248145656 -10.293784018430246 -6.045403994539683 -0.6908958583873644 6.766925009415063 16.946430448112228 16.374505687694857 15.227461254249317 10.7641302593612 8.33623589300585 7.145912965236325 6.563379211309421 5.960182096528386 5.368898106088032 3.154840317596265 1.7881178900621841 1.5603444086013216 1.1797515056982113 0.09629638378669116 -1.6901043721661504 -3.200378316456307 -7.0141845762651815 -0.9899997053993586 2.3004630090139577 -0.9090078775679289 -6.418945203386931 -10.84967772841447 -14.863008036805077 -15.317916444763082 -14.792037517475253 -10.023928614401685 -5.09806852296732 0.6549255147287634 7.370424899893373 9.744852778994472 6.344160980648605 9.90164714204125 7.657555438507579 5.951226861582296 5.785584845019523 5.9725173762088355 5.6966036912501945 5.1872890437209005 3.0934338109180435 2.6610192429159154 2.9289276216312508 2.6993970727418835 1.593354140251243 0.5293474824590853 -3.5898616497682565 -7.351297689228698 -3.2329571026013935 3.936339629899921 2.2866266765020127 -15.694623015416232 -10.57131992703158 -14.310553323837691 -12.414351716697574 -7.658712765573861 -7.5106374521591865 -3.80888748386767 0.8485001625205444 9.279051754482529 11.381358645691233 2.714782970510406 1.0463230859689225 -0.6104479980556247 1.3198553559785853 4.03399701945013 5.209376926087773 5.343480778704881 4.928241635981174 2.9805385350428493 3.599060447263875 4.709549224837206 4.922020741046107 4.309574484265 2.7217561728415878 -0.6484286820104609 -0.6927577505696436 2.4958322496315613 -1.4001671125922428 -3.706091803512469 -9.520615185727689 -8.36682500011688 -11.456442774396564 -13.687114372316728 -8.552847366296168 -4.300442954064415 -2.586028566311845 -1.4281968249220176 3.864226307207027 7.201477781725171 0.5251378696102097 -2.5117267628229434 -3.2325544084046114 0.1986038897664845 3.4247065454244625 4.801804722430577 5.037731147663613 4.666719939061607 2.830983634309572 4.5495093104988635 6.745503410496173 7.568066733922729 8.270445783590556 10.307107766849517 9.303128722801318 7.406915251888072 9.787266415181527 3.732512771257045 -10.513063932754152 3.210249296362106 -7.13992901085528 -8.148877677434411 -11.351975114582496 -8.629114320435075 -0.775382507333901 -1.3263666668579606 -5.382869430754734 -1.4947809414887838 2.4814657948884524 2.6187429159440327 2.3267246582421683 3.201623727667068 3.068050035775659 4.07175262714454 4.804347233291069 4.808204393533153 4.424759830523319 2.655263362084337 5.430816123628615 8.564070313792465 9.696916513855982 11.03064023113304 13.978041138891541 14.223353978602255 14.702201560484525 10.697827098826009 9.80031561336878 8.944176739614662 14.290847136032443 4.238178250566668 -0.39634669837978015 -6.2944411141400325 -6.525578776567139 -0.05020477058351351 -0.41837574633195473 -1.5150331755314608 -0.5212337839595778 0.07221055571852249 5.729913216744871 4.769451462475104 5.151132316781207 4.764730832948316 4.715450262545287 4.810263843763507 4.577030086453368 4.172394041167185 2.4598152485778186 6.1399260040304044 9.907035090814482 11.007042923830513 12.022732046040327 12.352288892389495 13.87688352027764 17.344624297629373 14.104745344789341 16.92221204056629 20.944848157861376 19.162470115266057 20.84463007100744 16.691621433305684 9.362920246894516 0.19851975691310533 1.3542011816980895 1.2036332597074524 0.5387487735256147 1.5009741220762887 4.947787131307892 7.6862251663745464 6.023577854259049 6.492697928645133 5.530949037109627 4.9365449496554 4.681717409073149 4.314878076706921 3.897825814646964 2.2501292493722262 6.504710100925065 10.604494721042629 11.712300668122245 13.45645023569849 14.724970370607265 17.751530429170298 18.199998499075196 21.91702780320985 25.096282482120557 30.520328606316458 25.17353469002868 23.680109828953157 19.243445032714128 11.984648827333253 6.769103665018068 4.350941103943844 2.754727021199725 2.261600568261535 3.7634691404212655 6.630961139171596 8.138815390439328 5.96317623740428 6.69420419884862 5.560142191907316 4.807158792324784 4.425380872748828 4.008711352324455 3.590457234226195 2.0292308083025214 6.5034109184281395 10.645387891202017 11.828944434359224 13.935610543196342 16.490910621799216 20.949880407622924 21.92882587134157 29.06462758449942 26.235035225327604 27.24789568622922 22.164974758479786 17.27189878186211 13.738743724304243 9.886097227494067 7.05417250507313 4.9234036458983645 3.492282799428764 3.1985880877535733 3.9963454175247497 5.190386367502561 5.957978813603765 5.909137986637156 5.533484099777843 4.879259972553444 4.4014029702079585 4.059173677287342 3.658042463421166 3.250889514413371 1.8015579031513838 6.257834171702496 10.20990436770153 11.413962156152436 13.088582777378583 15.840083978074286 19.61982147930808 22.024923812170755 24.693337083705828 23.124166919410836 21.344245281669387 18.162685627967434 14.860536471870471 12.56792123314832 9.118085599576112 6.782460399714722 5.19436501144622 4.171556293040801 3.7615251571118202 3.972943018237067 4.461922055998373 4.732599017146687 4.783167021343858 4.553623225645163 4.263528932909281 3.9649743067310683 3.662420663453025 3.2819695409786083 2.8925226180784405 1.5724395748090696 5.845455311106949 9.444814597966442 10.601242723643232 12.015274016549675 13.716224202641015 15.61559558213969 17.343572366848395 18.335663906079354 18.02516521698457 16.67165983474247 14.527832438281294 12.169600161897097 10.148810030315781 8.107367763556029 6.47444695181669 5.241171532393023 4.417333656274321 3.988425997408143 3.9452306616522392 4.081393388396683 4.152949819902672 4.155038426807962 4.045438603059357 3.8408388203369936 3.5670793422106155 3.25833782514491 2.888399175549833 2.522968255842305 1.3464185261035113 5.335430671660337 8.519178074086842 9.557796763788168 10.732286986461764 11.943643211295479 13.108483557763229 13.968110750956672 14.32113882334467 13.957940414336448 13.024113334155887 11.664202763778654 10.116168336535829 8.615246711437676 7.230299929771811 6.026626347053504 5.055586493732762 4.367656372409829 3.951904721128731 3.797001363616597 3.7754973130107756 3.759088065474213 3.7107922459319562 3.590178338751723 3.3949547228034347 3.1220508539088274 2.816562721143149 2.4706653289294516 2.1411979853832324 1.1249817466531797 4.799474817107166 7.575528066547868 8.452911669544287 9.401064992682603 10.31022987994594 11.13469514800476 11.679934962338303 11.860677302969144 11.582431771453152 10.912966838269579 9.917430297334377 8.756682666166261 7.590296217976996 6.485949703368765 5.510031369164299 4.705347191160074 4.11405369826351 3.7253070153070005 3.527905226777535 3.4327994688635313 3.3508860979897213 3.2514934212066433 3.1041787585716647 2.9035268530807388 2.6412382017742138 2.3586039077498357 2.0519111360791507 1.7677264288458956 0.9181112668337295 4.223433314396493 6.603753400826606 7.323778822737514 8.07475819028391 8.761997578308064 9.370308056098242 9.75648945382855 9.875674408936751 9.674135688475053 9.176923267370018 8.407262878479939 7.492750604194383 6.560630515237434 5.668436880071602 4.873791374554383 4.207611291692782 3.7009790677131083 3.346103026906949 3.1352448073547716 3.002096084078364 2.8803801190969103 2.7480390963437844 2.5830478678731694 2.3832677645053817 2.144065047851385 1.8975805104671462 1.6396121570663655 1.4060793851224194 0.7244050493011774 3.830825644177319 5.955234463523636 6.577407586285741 7.210160222581772 7.770005838913441 8.250514979824512 8.530981949214503 8.59046912628298 8.399825760088973 7.975657320011944 7.333381398150742 6.57379531620768 5.797549952077766 5.051442062740547 4.38237246916285 3.812924060603308 3.365628360547731 3.034715897130015 2.8144434099188818 2.6561644928166452 2.511269756802694 2.3634427180853916 2.196228307544837 2.007186881085787 1.7916871753487742 1.5758219762162964 1.3555254746996104 1.1592538227882065 0.5948198701933776 2.459694398634554 3.8129756180685 4.191644442786285 4.564612955741526 4.88198093975748 5.143879137416828 5.277281999691612 5.282488384729987 5.154536496946424 4.904460116673389 4.542936775024122 4.119815426389473 3.6849527349071463 3.2608462313636557 2.8699707335865012 2.5210836740705838 2.2229438843956397 1.9747688611308662 1.775791466277288 1.6089732584584355 1.457242080504171 1.3150264387063617 1.1766767081251983 1.040349297832162 0.9031573674615072 0.776435616463241 0.656861826499985 0.5559935652118301 0.2811865093847296 0.36441877911146875 0.8691278708423777 1.0989186324984124 1.3967361398242413 1.7354788050254732 2.1137291981759208 2.5035054688881537 2.8929411316127833 3.2682654056121008 3.6209894404640632 3.942476816394324 4.238277525003994 4.513929460509395 4.761822293260183 4.974361249783657 5.130256418558357 5.208238496793326 5.2037107075306706 5.112065487600354 4.940416575912541 4.695841803578567 4.390264714633469 4.035345374572346 3.6423811575574123 3.219015666851113 2.8152013307088577 2.430179828895905 2.099202504168848 1.1511636790326683 -0.45634977398578974 -0.17025707334791515 0.08407263888379751 0.45278712920830266 0.886290934283551 1.3779522878913506 1.9067548061820454 2.4145393546481784 2.8420690837722744 3.2223826629622523 3.5884589481151266 3.992087339769853 4.485044609451209 5.0518899755984545 5.677133115859534 6.278402652069207 6.773230347488366 7.129548635718967 7.315250032874272 7.323249385862943 7.146552221077689 6.804733204087404 6.316791926201225 5.720413617021991 5.047434228989895 4.386898522697044 3.747166883956784 3.198496021715976 1.688192047625057 -0.9318926797011509 -0.8054506328144982 -0.5570017314210138 -0.1634208720366153 0.3277538573817306 0.9105557763704777 1.5721583932345786 2.1332356128983254 2.41305693519716 2.5886585811873677 2.83780072794344 3.2160809046545116 3.778077120538439 4.489937994273192 5.3174001419962025 6.152662637839962 6.888092483453507 7.472970309859053 7.857328711986135 8.019624422281218 7.939184853972571 7.631054000762948 7.10949673154528 6.434287816114109 5.658299106013006 4.890117725538552 4.147687145562747 3.5155827501469505 1.8168261344006553 -1.6368266076641813 -1.785621535831839 -1.5684345954171193 -1.1122943179736124 -0.401472676826987 0.5740639759473892 1.8339194014570086 2.6962634033972077 2.4774537184915206 1.9591647367500318 1.9192826416207198 2.300751558609596 3.048114668946134 4.01664352382184 5.060784847985368 6.119709969986064 7.1312716767766755 8.006958423738146 8.660755724286282 9.047422942155007 9.122318572285037 8.874498058315668 8.292131882389233 7.478646884967621 6.5294918270636835 5.588947483770893 4.697120466422085 3.950166877586439 1.993270473413595 -2.427908768396133 -2.9537051036060897 -2.8107715330338023 -2.296364013723409 -1.2790323117173128 0.2484017184679759 2.3850176527841183 4.291241886552622 2.879578616000187 1.2379921655701502 0.9237336216374946 1.365836227597701 2.3647151596054745 3.626596140818489 4.891218065635717 6.145217093240654 7.377213145495332 8.494490147498803 9.406573017750397 10.044329436094724 10.338134912556667 10.198676455831889 9.535360854595844 8.528030424458947 7.350567319811094 6.198392139018619 5.151266545674228 4.299883808948415 2.122159131607322 -3.301276760604452 -4.335077529993465 -4.3230570044867065 -3.8553316039719854 -2.720130167267627 -1.1539359091377455 1.5297879296676828 9.846372522107304 1.4731853823017358 -0.09385747802288404 0.08665432639837943 -0.4222803321523705 1.7912867463472126 3.908650411594171 4.760793822089427 6.396650457029877 7.934134034601468 9.135336016645974 10.204903123005096 11.089530173702084 11.733667612456815 11.81990512773692 11.032678295392527 9.709025449411145 8.173879885228951 6.713679746682697 5.488334157359649 4.5462881050374095 2.19723398437541 -4.2154189737512375 -5.877677899935739 -6.054632322137593 -5.751603806837135 -4.710958738306781 -3.403374343998171 -0.13468689169328538 2.9496733394077896 -3.7943775239321593 -0.5962813629881393 -1.4413093391876335 -2.5849484924881874 2.361134117055919 4.913482544269435 6.090641927643015 7.542398747354739 8.561753964649668 9.64610266416824 10.901805904336054 12.051990089684672 13.22957502933462 14.535257224723814 13.374292477246827 10.793894852447725 8.777941159188826 7.001787414019305 5.621472190526145 4.622405605962393 2.1909209126531195 -5.1435575762770664 -7.515268426716944 -7.916753437947902 -7.801862539307473 -6.828301892056233 -6.249683622312154 -4.399780976215626 -3.330599088240041 -6.956649307162819 -7.186646713386509 -5.177352699730279 1.0923121579132775 -2.964907438354696 -5.113965661924836 4.284606671421842 12.190617632413623 10.457249695978296 9.708977790097077 11.307985637806379 12.931218562703638 15.268141250147925 16.854592907145026 13.34363991317292 10.354560072186688 8.702073748066088 6.872757103663839 5.47459028184196 4.4798913861466865 2.08853035848109 -6.04888480029212 -9.190645686124784 -9.868633684890778 -10.006939168670227 -9.153905822235183 -8.806093262981562 -5.471162022123263 -1.8439552421503034 -7.713929399831352 -6.076865195319318 -2.9081361385911975 5.218392391044997 1.7319143378832063 -2.5383258448842225 2.725919817125594 7.169688373892087 10.947096942638005 9.965607837619494 11.42186173471637 13.293951591004234 15.708688414121989 13.668301465415292 9.882655021002641 9.191528946483663 7.849105626746954 6.241674967277081 4.982742382705295 4.069231557409255 1.8704388644434358 -6.886333929348898 -10.874420596595321 -11.964066120071395 -12.648190356925834 -12.335758960375442 -11.182114644416101 -9.249642915583205 -6.502503645085602 -12.68975243929907 -5.7657751334670335 -0.3249215067203151 0.34479592547508686 1.6861475589709822 1.6577710976587086 2.885391373988341 2.3049539548860074 4.18812133996066 8.099993376023859 11.351623160688506 13.637768860773837 14.580045217147758 13.602670839680767 10.709124124732277 8.26401619699702 6.415393378089319 5.088859402073576 4.060967030120423 3.3170492437727415 1.5044010012730518 -7.622692370569547 -12.459352855894442 -14.046927815977856 -15.525172034417835 -16.318624466866314 -13.898912545995307 -16.170035598565462 -18.432610885418388 -15.033036069434885 -6.938322557752205 -2.7743321344941085 -1.358050116687577 0.9261140060273436 0.6664825451315856 0.39919339992526864 1.9390774410653033 3.359859086375076 6.863670293015802 10.811983165779655 16.2450894272753 13.458626925141463 11.369667827130122 9.12812737352744 6.29465729843208 4.514202161462668 3.4869843788992028 2.756383175491167 2.2574954746179707 1.002175659711223 -8.234742843167515 -13.756361554396506 -15.751051338322114 -17.954945200638775 -20.42636702687008 -22.32605331123879 -21.83577006771215 -21.84876602572018 -15.568923012652737 -5.319033670650399 -4.575201367517572 -3.3834821044401386 0.0825718125836839 1.4943053674493172 1.8489178890811064 2.114199499165085 3.796345682881141 5.929984794896749 8.553791729708122 11.35909890744576 10.989544218633197 9.007596360928538 5.664872454531976 3.5128146203693094 2.2258130630385047 1.6187906478742415 1.25117439127911 1.0329264054040885 0.4189639586269114 -8.697384256090547 -14.611592897847116 -16.795037502010874 -19.408444603731542 -22.6708036416356 -24.991048462355597 -23.41614148272794 -22.4303118162201 -17.68307563471988 -11.111319439302923 -7.320759081857767 -7.462922431838844 -3.0590844797078547 -0.8561926242983515 0.5572281614521567 2.2865881534342685 3.4533721635344268 4.514172256171742 7.099243188491003 7.023659297329702 4.368492802255227 3.247149830486377 -3.197654213321617 -0.5250399805462761 -0.2007749258501043 -0.31872293482109004 -0.30189652325726696 -0.2394525261749356 -0.20022080240293166 -8.984475436504411 -14.810369952937418 -16.762393493639063 -19.02175978641985 -22.87171650462105 -25.47841465142429 -24.190235957829376 -19.138351985104546 -10.527033072187473 -20.283772419780927 -12.882731948348304 -8.430634133656223 -6.214296422180379 -3.5853370191791294 1.0742175335643072 3.3944087155018923 2.900387379982176 2.7935469069355343 3.8144862702460474 0.755509984100142 0.9321033933694121 -0.3192981158799608 -4.164627473489976 -2.837382248920444 -2.283427815535483 -2.0441504510113964 -1.7230220682790367 -1.4244940445726382 -0.8062554103353277 -9.076975365703442 -14.417022886839206 -15.857351529934663 -16.94341570533753 -17.708743219874247 -17.356556951639824 -20.28255924934409 -20.08812506945836 -20.33109873428577 -13.363398830303005 -9.461055954306376 -8.419762489078163 -4.711363870705902 0.9926435936321443 4.812629377665447 7.44964836839082 1.7192674074483818 -1.1762394673682373 0.5635589327076441 -1.3415775278657383 2.0473222975029937 -3.5872506083990077 -5.121379451354667 -4.073870262308391 -3.8573336786227412 -3.431803563671447 -2.914353146020493 -2.4424543633360396 -1.3606256448472214 -8.954165604552303 -13.82290967192973 -15.075626312975869 -15.810009296225225 -14.877050400348043 -12.66546968388898 -13.530376574880432 -12.109723125712806 -17.59872391382976 -16.564452919612307 -20.945701868193325 -12.652479589480327 1.6680981685507863 5.132738884929673 3.0870040576149274 5.104840396157178 0.7012239100672337 -3.7203991737044526 -4.514900992481979 -7.396414859432078 -3.6782249553052146 -4.803028411979016 -5.624597316671649 -5.263436487845078 -5.038601091520624 -4.502535276119445 -3.857775252888152 -3.266168513968584 -1.8339962869369508 -8.628238627281618 -13.175109673632031 -14.661842513744297 -15.944295905959372 -17.405667803004413 -13.02455379979589 -2.46724423363641 -0.8522359946940036 0.621663136789363 2.0035448406051137 -6.912508879223674 1.4287277746754936 13.758179733502269 2.1119336915573763 3.114037507971845 3.428166770790261 1.0066352297426833 -1.6900208473867733 -4.017619487649878 -4.154899978267976 -5.4536648142278334 -7.175039148253894 -6.716484311575493 -6.309249282455093 -5.838996346628124 -5.233245886148181 -4.5173550017891815 -3.8590016177259665 -2.1971112293888573 -8.145939695501193 -12.475308539802947 -14.296611687019949 -15.987751407397266 -20.069804660026534 -19.309790225319958 -1.5252430730858912 6.280236241575277 5.1377272433529635 21.001364453098812 4.209271998830786 6.75396843125295 12.166174785741731 4.404220769511329 4.12020388234515 2.479331601916071 0.593235920374375 -1.4650605134679804 -3.823690226479839 -5.692256364662511 -7.539890327632781 -7.024571029927378 -6.890915152283769 -6.834841772925866 -6.229672629579278 -5.577699587318432 -4.842790646420578 -4.173337777796325 -2.4138529120644736 -7.546178651957319 -11.678767404456076 -13.73319439433921 -16.056720787076177 -21.888955263187647 -25.584280820491575 -1.2008018134169487 19.43149837886842 9.376379397158397 13.470848012072901 10.505975470216272 7.315135570545496 6.7185580898065655 5.52951778741092 4.018718753870335 1.9599703691292207 0.04860265737929646 -1.6486973250825758 -3.9659775320297883 -5.91824101710336 -7.228671471613044 -7.5148076875712375 -7.355409663429519 -6.883700449236367 -6.227882226150939 -5.558729363512346 -4.852527182635909 -4.220659301164349 -2.4833712355790762 -6.878686896371431 -10.608256149533068 -12.42371393356044 -14.251749603322873 -17.58176594257761 -18.840297945509132 -1.6409282054162784 11.582819419579403 11.22661935759515 9.859338843803625 8.516633787356964 6.724631440580501 5.264936920435122 4.39481917119299 3.111457789058923 1.5822104034055382 -0.07078949206170976 -1.8063126296199807 -3.674770815768508 -5.340512208994904 -6.490186054282496 -7.025139010766644 -6.916701256850758 -6.451887687211972 -5.870806841354825 -5.262920311651144 -4.636132944893733 -4.073531344695718 -2.440945385647273 -6.155318257885676 -9.267998952467986 -10.439464103671353 -11.341919964229636 -11.41322996778093 -9.295661714495969 -3.0776214388509806 3.169960211086078 5.649377928270376 5.9710603696790185 5.559305919886841 4.779682141439112 4.012190632929179 3.25938149616986 2.247500420904208 1.0432565217754197 -0.30302204222900764 -1.7361513721029798 -3.194545227831462 -4.4787836744101535 -5.404131528489699 -5.907758097681395 -5.946639604148441 -5.681549409672551 -5.257726209142729 -4.778212765989428 -4.265085656276746 -3.78779122024053 -2.3116704873388687 -5.325445854629661 -7.812580396898156 -8.466782985907846 -8.767295635965837 -8.31592636828476 -6.724241777615158 -3.493662193524052 -0.15777483003975948 1.7555277459645608 2.6819125115844207 3.0633922865161893 3.054958436944603 2.8078927989645153 2.3189807841988985 1.5808061502162523 0.6475048997205751 -0.4251749377651772 -1.56295038946868 -2.6888211053470257 -3.675108846460503 -4.398017549393598 -4.832441263936019 -4.959902128784535 -4.8493248087700245 -4.5699388101968506 -4.2162491146299965 -3.811738774988046 -3.4169542085650972 -2.116728312327065 -4.437849614340679 -6.372130602405116 -6.772433288145666 -6.8466243956479 -6.329821894970215 -5.163848007232807 -3.192393569631874 -1.1096118479457218 0.3969081846225181 1.3907696313564228 1.9353325270642665 2.1202607811827097 2.0326171165020237 1.6997018620650313 1.148551783618912 0.4295461317219071 -0.4072890803634667 -1.2999581081632436 -2.1857569604914064 -2.973025484823434 -3.570453323250098 -3.959252832643742 -4.121490218283571 -4.09561323215605 -3.916096090432297 -3.6596785996188284 -3.34239573745223 -3.0172683978486963 -1.8879226345998124 -3.537831061149632 -4.949169150931419 -5.1943335896137794 -5.184700007640215 -4.752376188005066 -3.932565412735787 -2.683547175820367 -1.335153897431379 -0.21104057577744342 0.6367089699866315 1.1557604680978693 1.3965004816347555 1.4079303805229937 1.2144377466591698 0.8406668614399625 0.3237539893824366 -0.2990232769273854 -0.9815270702302364 -1.6773620547777957 -2.313369958943512 -2.816571750309127 -3.168337151616921 -3.3502620747379126 -3.3815252421634976 -3.2776145580276466 -3.099001090910309 -2.8544645718263957 -2.5906296974352094 -1.6315047607068587 -2.9045142815497114 -3.9464837830263773 -4.106293702416267 -4.079232689378837 -3.7614107179325176 -3.1949339896830034 -2.364518700547492 -1.4467660935594409 -0.6134522348983658 0.0731035464116825 0.5507207806131772 0.8331083723397618 0.9336413146027195 0.8643298175856574 0.6372114281503216 0.27644041122712826 -0.19394340648838163 -0.7367343056316895 -1.3146936286774595 -1.8617233275661778 -2.3116659408169387 -2.6446741119844797 -2.8407077139161028 -2.907662546722229 -2.8500978002197574 -2.7189506846219915 -2.5194969269804206 -2.294590413705725 -1.4498477558965686 -1.4097429133938104 -1.7186432999802095 -1.7329835549660453 -1.679840167574652 -1.5456609183563608 -1.3375354394647376 -1.0452735940356224 -0.7114241174988535 -0.3772606576640362 -0.062125767528236175 0.21469845796005232 0.43091424667602024 0.5642180002491554 0.6076171193883209 0.5541262246932677 0.40851170767963063 0.17553354126974868 -0.12515644009452642 -0.47391418665653523 -0.8253874040233184 -1.1341923777750598 -1.3836074192140906 -1.5567703482672566 -1.6504192977373788 -1.6593252010995063 -1.6124094409936718 -1.5110271670754027 -1.3840107075190344 -0.8761981845813785)
(UseCyclicTransform "false")
(UseDirectionCosines "true")
