(BSplineTransformSplineOrder 3)
(CompressResultImage "false")
(DefaultPixelValue 0)
(Direction 1 0 0 1)
(FinalBSplineInterpolationOrder 3)
(FixedImageDimension 2)
(FixedInternalImagePixelType "float")
(GridDirection 1 0 0 1)
(GridIndex 0 0)
(GridOrigin -86.10154855448536 -89.03854363151046)
(GridSize 30 25)
(GridSpacing 80.0494233547552 80.07476567133877)
(HowToCombineTransforms "Compose")
(Index 0 0)
(InitialTransformParameterFileName "")
(MovingImageDimension 2)
(MovingInternalImagePixelType "float")
(NumberOfParameters 1500)
(Origin 0 0)
(ResampleInterpolator "FinalBSplineInterpolator")
(Resampler "DefaultResampler")
(ResultImageFormat "tif")
(ResultImagePixelType "unsigned short")
(Size 2152 1750)
(Spacing 1 1)
(Transform "RecursiveBSplineTransform")
(TransformParameters 0.7603425035130456 1.0960398067600263 1.144031130507342 1.1976550253575253 1.1929112445901222 1.1178571098201122 0.9610095817175672 0.7327844734463964 0.43737134776283904 0.07403590246575262 -0.33979733643187204 -0.7683206844393804 -1.180771275375138 -1.5419325812128761 -1.8341410576328603 -2.0569356112440644 -2.206291020661043 -2.276003751142742 -2.271593895102923 -2.21036275702459 -2.10775615686017 -1.9824304128275116 -1.8456429773643899 -1.7020383130592167 -1.556667164497576 -1.411302172128822 -1.2738569406296685 -1.1368950353968628 -1.0486891702067769 -0.7180683630364756 2.104291958728483 2.906896122118882 3.004378880133517 3.11515738666368 3.0950973096423318 2.928904457092144 2.594074573348281 2.113166463692187 1.4958532369260213 0.7417743755253157 -0.11188758974287949 -0.9899305620288704 -1.8271839385435176 -2.548539883700611 -3.1167322993048194 -3.5304796140649444 -3.7846278536897673 -3.8730104561131444 -3.8149782396532728 -3.658306547426888 -3.4393973187329703 -3.1945398068559814 -2.9461047341259023 -2.7028233739120306 -2.4722348434502828 -2.2545437278891276 -2.0579599348376774 -1.8689196939112716 -1.7492907864541274 -1.3065157359101573 2.704239668612258 3.7011683404215074 3.815635395635009 3.942850156073337 3.9071077081186525 3.6975100979076214 3.2886081387695167 2.7059658342705837 1.9614118147985007 1.0565606799636602 0.03519745886399157 -1.0162370859141867 -2.021649726534914 -2.8934426778571614 -3.5845419251897357 -4.083767216902295 -4.382564970741184 -4.476139788796163 -4.39288685043354 -4.201551484316913 -3.945723844094302 -3.6555789727353525 -3.3566577833527225 -3.068709381550367 -2.803256323840814 -2.5593258246211814 -2.3442912130035327 -2.1409999249903477 -2.013095053402364 -1.545443376151931 3.454572937035471 4.693678003488921 4.829151404006069 4.961663689807048 4.882439123498982 4.616337965517594 4.137055086424984 3.447827337566864 2.5664772199665884 1.5321924161930711 0.3968839636722509 -0.7655689128502632 -1.8971090503993606 -2.9534681591248892 -3.8722179814205937 -4.561228610550358 -4.978111355718092 -5.107226124411651 -5.0004951487985325 -4.808170156064298 -4.582526454893747 -4.291690999427193 -3.9471072885326164 -3.583981259995316 -3.2316000665062625 -2.9209737846548904 -2.6702455014640356 -2.456347108353196 -2.3353334862215758 -1.861921797115961 4.2630012291036525 5.768175009734789 5.928431956103633 6.041752467720628 5.874158785800898 5.544003623009407 5.028974108397659 4.259615477491164 3.2657382101985317 2.193606801352482 1.1047630307262173 0.012637584016255064 -1.10533676117477 -2.3589358248269114 -3.6669595599930473 -4.726306180508127 -5.381281865871567 -5.602118455901232 -5.4877069570195545 -5.37004845265651 -5.315581193171658 -5.130032221297304 -4.771960088091969 -4.28928508173847 -3.7579600256759917 -3.3078519295937 -2.9907000455057116 -2.7747126748303312 -2.6914012877797613 -2.248334586030813 5.127478125641776 6.9031959239113725 7.083069957224606 7.168474272964474 6.899847792296629 6.420004357573058 5.781851208382565 5.120608123700495 4.109240485513616 2.8950120458986475 1.9930076728987987 1.0820701830556516 -0.05503110446810248 -1.144091237723003 -2.785235073947471 -4.64259263824742 -5.275386789631512 -5.406623557578836 -5.471966691307748 -5.61637302826454 -5.8155223076481875 -6.043026041062992 -5.917992976528086 -4.998853937506262 -4.295919161470568 -3.7782515718592493 -3.432091997506068 -3.1871042739310713 -3.134393982323932 -2.725997176604051 5.9751361683373165 7.976981349705018 8.136683644248546 8.24062544104081 7.86328490148896 7.0945775259782256 5.934433553308138 5.932615038944084 5.253816310964895 3.3308017748065684 2.995675147622382 2.2862291784019484 0.4102222988940431 -0.12351213573098924 -1.0059650618551497 -2.5454660161701814 -3.5133246830238622 -4.02942261235604 -4.73301236504445 -5.187902052982802 -5.4803063981237745 -6.424986123899401 -7.129250889116479 -5.820714023098387 -4.9692813518738905 -4.209218527205798 -3.7467208587251113 -3.5664395421244266 -3.655749361281422 -3.2850106339331178 6.836109314990369 8.999904761141229 9.123167193381693 9.441087085315626 8.835708455983745 8.121057063111945 6.505088275076076 5.888777600333385 4.550586495141792 3.9656855030579377 5.476350090233621 3.515145873260062 0.04037171853273592 0.42956446955681565 0.03435421713899111 -0.6192181570994341 -2.1232941588709386 -3.260524979592515 -3.438268466634629 -3.404043335457846 -4.364571043441263 -4.122029647709346 -4.225501472151045 -5.954556493776051 -5.2708927244908494 -3.6778600925504197 -3.7912881858500223 -4.0274068807810135 -4.190061533382419 -3.8297628513404556 7.735987143589011 10.112203256652554 10.301127801661538 10.705426914398837 10.21513382304051 9.344782676668004 7.414035112918591 4.90760796442145 4.015459373627553 4.30432843691323 6.354828366629641 3.802496380660621 2.3928659820272897 3.951194068151635 2.0953193278099076 0.03727670637973472 -1.2385098229703873 -2.241634462216058 -1.7519982256358826 -1.8426218985617553 -2.923924702606399 -3.2629932070720047 -3.203544963190609 -3.207756385454547 -3.5966906152511524 -3.3498201518085393 -4.105935927253441 -4.687904073838098 -4.6118137292462675 -4.262062243460218 8.644630693902718 11.536299266493325 12.21259485856792 12.623730089282772 12.180090389654373 10.187667867322793 8.17070571149032 6.916633432787101 5.450368881957625 3.5688892243149697 5.6327774326854785 6.166919809555344 6.940973332111234 6.6207636369686425 4.563172200520336 0.2976952278316035 -1.3808434158603935 -1.3734824785305777 -0.9300916363189464 -1.069645727415691 -1.630245090838454 -2.2797525328710293 -2.86588853313734 -2.078452267046492 -2.115662086401987 -2.8637318303265062 -3.712306850466517 -4.316453677717457 -4.514593621470749 -4.5498469882130035 9.528966477352045 12.995190655425652 13.840493352600792 14.245121669660062 14.118954975736244 12.279566378996764 11.616116332604276 10.127785596395226 8.611542276131562 5.063062643486849 5.458137620316568 5.806223557868694 7.677695113290667 5.277974570009076 3.2473569527836594 -0.996664700482808 -1.8121021053362676 -1.3218419760065294 -0.36964217725100235 -0.2610304416046054 -1.1230474309834673 -2.186532062990594 -2.586181359737799 -2.1144532080310467 -1.640584598723494 -1.7141874496837664 -2.4159515325869343 -3.3621547347655145 -3.9778530822679903 -4.662229271964438 10.301594398132949 14.37721021771065 15.530622707924937 14.901116549537333 15.457185057538753 15.806388783400505 15.502219056627135 15.360009534236644 12.927960991416423 8.217856456261966 4.8206950209844734 3.5330494067558407 6.219518111365525 2.4634024966359456 -0.6320718457145738 -3.0978509517204076 -3.0062821009677467 -0.9135080447638069 0.15704457551465434 0.010525879229967802 -1.0671853306119687 -2.027430386891406 -2.142052810128027 -1.4953144961951694 -0.30858927526701735 -0.24742341205693888 -1.365016418586825 -2.738608145707749 -3.52375797664014 -4.749508720873529 10.873719740888554 15.19030555002025 16.663099857931112 16.899588240130264 18.401002125216735 19.397503473367156 20.244509455252622 19.728174505785496 14.828885076591481 8.33794650246912 1.5846450739041111 -0.09860735559221634 1.1084182500591988 -0.9778468282991144 -1.743292154183632 -2.1023388822119347 -1.805184368230641 0.558198594407548 0.993510141194948 0.5318568891764152 -0.6854965135732745 -1.6692214472938784 -1.2959157720174588 -0.03483650540480786 1.5218530106789268 1.4795893079001798 -0.7050204476660279 -2.7983169710219693 -3.5609901413199223 -4.96179206429643 11.183159630771538 15.618375875991045 17.334519903429975 18.02123043895727 17.608344589044442 16.747460147567217 21.2741025905427 21.586713960582973 17.861502172561842 7.706846083073842 -3.3751446028474725 -6.04154488291808 -4.610792204102789 -1.269694133805579 -1.06034896687057 -2.3887620947868844 -0.07453789742169915 1.2428849126319914 1.8184854825048808 1.1404385642617547 -0.7529909006672804 -1.5952770943708565 -1.2181300252809446 1.2701438685234059 3.0557539818942123 2.076269598288567 -2.1438004518729814 -3.72426358951255 -3.6189627512763236 -5.133678166319228 11.170582748841973 15.585072044721368 17.264721848999706 17.613572429934425 17.538228094830256 17.99329867291675 17.973914366267973 19.669937897574084 20.754530989211446 12.552959013744157 -4.300528918158869 -10.775690380570126 -6.558404983919285 -2.3240626200724623 -1.9073718980190317 0.21760935793718206 1.3279777855579429 2.2592346598039508 3.156804167023781 1.9058773312018784 0.4678912814588704 -0.45706940885591946 -0.34463716133216565 1.716425860464632 1.8479739526955241 0.8099165119327637 -1.4197402890342103 -0.9775892008446422 -2.6130745664569703 -5.099706132535978 10.81754681740087 14.849506234748016 15.98485922275317 16.946536554449057 17.527151321393706 18.172912169061018 16.295232102768114 17.919398740639622 19.889561846655123 14.669245798113256 -7.2636253640522686 -13.631224120454286 -9.517025307049959 -6.026425484219594 -1.296702271758294 1.0064601543688774 1.6082600487768206 2.337500819678708 3.3075016987968864 2.576532817685857 3.2446403597184013 2.7423238171829163 2.9498724829521423 0.8338976660142049 -1.4860278471008048 1.1038813251251662 3.3314000856850465 1.6165093039207552 -1.949093372857191 -5.00079075932599 10.1099501221242 13.565930655957505 14.382922231043862 15.352160919889723 15.360621285844076 15.177645026622326 13.113850991531885 13.30437793882664 13.69557011237688 12.143603535509321 -9.956465464794773 -11.816957665008845 -4.890800434576534 -2.568077669512206 0.7159649763055771 -0.2855652944381302 0.18023576044993295 0.5458605548794478 1.1749959480648369 5.070699834896268 6.206548670945889 4.858766409067778 5.774703645164245 0.3095707734102036 -0.5457490986182366 1.7289435106458 2.463687158478347 -0.44964342701530013 -2.2287395070475458 -4.978063150437934 9.180141269488104 12.000402676549365 12.536807886669205 12.997511690977738 12.824776272776756 11.94953822873483 10.317185231534825 8.955463903821839 7.090261004100752 1.0968607803059467 -8.635952637825723 -6.857071895444583 -2.3254308265532595 -0.16726764148802403 2.4277261923002538 -0.15523921125224452 -1.5864898230748552 -1.8825560080056698 -2.9729345072534734 3.5466117036990275 8.187963874163984 4.009032420921144 10.689413532948297 1.034445410009098 -3.336275014331712 -1.2473544458129286 -1.4169690005214843 -1.5810598801586027 -2.5131320714695846 -4.944302907712332 8.158509296620545 10.413772067774547 10.759281302695221 11.028001368498362 10.748862345030757 9.848108105907349 8.317655779837978 6.693844578262976 4.782254285758602 1.6776255365209773 -1.220632284620169 -0.10692152929685486 1.0697642991713683 4.2816516982499415 5.855956989485588 3.656729809936158 1.0784248682759356 1.796821171426767 -3.9069223716919668 1.6637141123836001 11.60445829966655 11.66969503153477 12.34056212218345 5.332598225614823 -0.7162220827496945 -1.726893828623855 -1.5340194345487697 -1.7933884938415818 -2.6374923063722235 -4.81209170035543 7.097882411120772 8.875939490235709 9.075169641683377 9.220061894831638 8.96186294153894 8.222130389698354 7.039142306702303 5.666557487075518 4.399471650051765 4.003567837557407 4.964128245622593 8.075848709558725 5.959815545978061 7.554434875026392 8.017673322816439 7.31874081172363 5.528813380143113 4.825267561658479 -0.38209185600647116 2.675301122431188 8.141864704287618 10.774800043834219 9.735734768987799 6.595387923419992 2.663413304017241 0.06082954443996495 -0.8571414805049654 -1.7032756898391312 -2.578355199915523 -4.554584408552514 6.044807159450369 7.4488799147813 7.559311319009176 7.643708736920642 7.456442166790699 6.962058895983908 6.24065919355405 5.566829256629404 5.169431315796922 5.792960650803559 7.807408775038294 8.95465232336694 8.665983072491512 8.073555668787712 10.183702612439653 12.031532168026013 10.88808306323155 8.458072321419335 3.9704458378742977 3.842323715248831 6.776014639882035 8.51590195581207 8.035009222246396 6.038322701154037 3.2955747433518727 1.1281300562677414 -0.23509035885144766 -1.3826489782170863 -2.2721471977397543 -4.140045555541329 5.100469346125137 6.242657938682159 6.311922650740314 6.384570640043576 6.290627193404919 6.03247105125153 5.723826534905091 5.730059227209277 6.095564326095448 7.219479898439796 8.367123817512578 7.582971170151722 7.596378740696102 8.091041972843026 7.715889571531579 10.834950814874512 12.281117062801004 9.946239015040891 6.516688577565466 5.613994338031825 6.269988603011155 6.586621230205624 6.091895123974449 4.9005664180186965 3.239141311865888 1.6404280729569212 0.29815687320359113 -0.9512013130870131 -1.8484237453588555 -3.652964179972395 4.279718791534733 5.268292094834971 5.336153631756062 5.434060492052343 5.428195607811303 5.3364099664803035 5.249617268695756 5.470776707048308 5.99656374271511 6.629564852775234 7.03794149793048 7.2423295619237855 7.509594124629345 7.643334305939581 7.1176758846000325 7.735633065252688 8.492297927667309 7.453422217864921 6.1875196527925445 5.565640421066864 5.600798005005399 5.520756907514027 5.072639708379902 4.262494326416773 3.1459149446221977 1.8986189365962236 0.656378797977762 -0.5528835517471306 -1.4042613066431584 -3.111197289177476 3.632638862378937 4.534817789424238 4.618184730126134 4.7506738663310735 4.811870767571329 4.8225737641278625 4.837747288988904 5.053684627917163 5.46518730127512 5.86656363248228 6.1946144579802285 6.508775909572729 6.739304707321358 6.651018027916284 6.2636526904872465 5.869386318066499 5.542036916957515 5.168264171223646 4.816825012190925 4.772998675891938 4.966226480608809 4.948902720876704 4.576651483170046 3.911448045306682 3.0054161133292423 1.9467592183800433 0.8453503637788025 -0.25248711577843097 -1.0335460306154638 -2.6233703906959254 2.0067341221567125 2.674067461244497 2.7911290835688174 2.9785963691786956 3.1447631663171762 3.3081668298084517 3.471020459532938 3.67361262279522 3.90660034476857 4.111313180693292 4.269184993928544 4.403049885304609 4.480127516592187 4.391071562473242 4.146986670315935 3.87468125962866 3.6444999433416094 3.517421534678437 3.4913268273738067 3.4955701180480823 3.471551931119829 3.3413281198840368 3.076802080390392 2.6975883953988293 2.2099888498050846 1.6020060227170108 0.9244204781681221 0.22304962707634685 -0.28371644761796744 -1.3693177915708195 1.0342428313046024 2.0230281107539594 2.3789111987082987 2.9391877571981104 3.565948448215602 4.290512737762738 5.093500435356389 5.968902605803751 6.901761339226399 7.876993966523141 8.863222139334852 9.81090366552893 10.67651159442507 11.410025810072785 11.990850208201232 12.428153843607008 12.723199384655233 12.879666492171863 12.890915314826874 12.740050824040443 12.413095756718201 11.885774819055012 11.172898341728029 10.330615034831284 9.395945050135241 8.379002287548309 7.351970637853469 6.2951978464621385 5.586985787566062 3.200561205663044 0.8672277137965064 2.262149197336999 2.815023785533835 3.6903110351293753 4.695401979304001 5.87239818843923 7.198356282396291 8.675807779224224 10.289231580945344 12.027177784418408 13.824213337847336 15.55819979740284 17.12013335347001 18.3715852917298 19.278505282967977 19.90916311817962 20.309964696576248 20.553709522919984 20.63445603196578 20.468282887681518 19.993454922247203 19.12203086441363 17.871691358421163 16.366886731600506 14.697656318130953 12.926029829845408 11.183138896275583 9.430440341856105 8.260308483139651 4.514409695554258 0.6496525716915966 2.1445812143141363 2.7615895535939297 3.741774314596506 4.87683658056148 6.201807792120129 7.694335832985995 9.371589971177416 11.223134018953008 13.240478311215828 15.34653333938898 17.394049316778585 19.24319400472187 20.705420888095023 21.736158077525932 22.42500817246867 22.843321530513638 23.110807071459494 23.225754929080733 23.06760408025133 22.551613708795134 21.564379645037114 20.121507829826523 18.366094289310038 16.410357961904953 14.349831817248027 12.340640238031012 10.336638413655388 8.999841488021195 4.81211061653053 0.294138886658483 1.8760016417641965 2.565345075746808 3.680656972108151 4.983290033964823 6.440126872012423 8.025142642482153 9.816061083002356 11.832756544606584 14.082961748629785 16.507566366158073 19.001251495576803 21.367996372328513 23.23962589771222 24.506076399465556 25.26408956599829 25.62992666302687 25.850824415108672 25.946569222313308 25.706856882227274 25.050682794350756 23.966485775748623 22.457216296024825 20.53665936222807 18.300740588840533 15.920609124128664 13.595482971103053 11.280642729861693 9.728549537898905 5.034187060725487 -0.1800803075169208 1.4612805915701672 2.224953991104681 3.5104399098413075 5.021290771235421 6.5437276205796 8.038075921115897 9.722273342214157 11.692644359200434 14.00372731976702 16.668078768315254 19.765157472732078 22.996118448244196 25.595321315081854 27.282350547751577 28.11262745988375 28.303516412854435 28.328620165318092 28.290602033183166 27.796365587528378 26.813166507097066 25.688954039051463 24.413277791733634 22.57503613043602 20.167100399714847 17.50129167094717 14.843450960395671 12.171924171572774 10.355808386665565 5.124240297437115 -0.8014348783130756 0.8889203942427365 1.7230540579436568 3.1827104190576327 4.842354434155547 6.33349256181915 7.514731861220754 8.837708409642845 10.330438501213608 13.122470077045586 16.172043220427767 19.96106801348988 24.06589267853774 27.31074624673244 28.988430333309147 29.770148423497474 30.303441589059496 30.093967379853343 30.292004480553956 30.1875928715272 29.164269552818244 27.48831955867278 25.840027917991492 24.08455420449358 21.723784972465733 19.104297745119 16.185318151595705 13.048844281666543 10.918622491256135 5.07336949742092 -1.5906966421558901 0.12656984076298708 1.0263979208005647 2.682631255288766 4.260228808066213 5.45696660729387 6.076190823018539 6.843908795642468 7.208648213694478 10.833761644543209 15.324714262972067 20.483113449055622 27.108784716681566 30.83223514019396 29.260651262976975 29.37668659852388 30.660266505620125 31.178800276238988 32.018664022129414 31.73954889229972 30.174611670236942 28.849267304032168 26.80623452612826 24.190013877704576 22.074831773960195 20.321119600800245 17.42467365056517 13.793095187888888 11.314335521668687 4.801071421148438 -2.659253947536648 -0.90687396229116 0.2934732252537352 1.8550755741516607 3.422185964499608 4.5192977768635405 5.003019372123016 5.367358919029391 4.909357375005176 8.911716413288387 14.68357635338528 19.22020064779704 23.156681535038423 27.25651758012853 26.811647495809417 27.218110760268605 29.769311716808037 31.679627911868266 33.02710291029619 30.965145218313616 27.360129988494744 26.851118120053215 27.0347086730416 25.07408133566592 22.74408706443452 21.32921710844826 17.934199787529746 14.42705820288856 11.367247787366345 4.283754220343647 -4.11810875219507 -2.436760170287516 -0.6691565847338938 0.7482347932018643 2.509600998799289 4.617711177827455 4.70419268414556 4.232728461559754 4.853166509556983 7.717322160227168 12.475449975115788 17.449985863130017 18.729013481634738 21.204056866375318 21.569426771707302 23.615978093736846 27.54758309389952 30.32568340159238 31.543292131168474 30.337710293325987 27.80320349659113 26.731929612699833 26.575847464542775 24.2223172601181 22.044990403114852 20.835508540695137 17.72629261678781 13.757252937008776 10.668820980073038 3.4924720943747034 -5.920680102423394 -4.700178998465457 -2.9085893658966366 -1.0116458452649917 0.4904781725874896 3.7424827743448636 3.4726465865570217 2.8293771170284647 5.6534621029446095 5.676650829789805 8.911544562881254 15.324932465025219 16.502720028999104 17.59885058557751 17.835501792445015 19.55065839542654 23.278331792213017 26.800816671051393 27.893681164609227 27.949289336729112 27.23554697359965 26.418819109795784 25.494272442028265 23.177228141782503 20.706744363399704 18.87441700994379 15.828291406694335 12.293505574117713 9.409155726461295 2.4185390655423538 -8.022082525773508 -7.638368239767037 -6.350669631171937 -4.8743870121238695 -3.414628597709037 -0.517335713182685 1.9201228278636007 1.2842344319576466 1.5703094807200528 5.034169622824859 5.382368258173833 6.383785883478446 7.989025829809456 11.872988036148188 15.963686733769539 18.35567905285765 21.835301467828998 23.771268055630987 24.64917008329012 24.64168119543499 24.385084651849752 24.1552625825622 23.403959174357247 21.598434651957383 19.178185031788637 16.326133045659134 13.374197025888304 10.124061277468801 7.548004963791983 1.0529858547068733 -10.221528892664663 -10.765657953134111 -9.911243442799544 -9.402334027683034 -7.391988647063533 -5.09244122925859 -2.1022124289670057 -2.546172660993907 -1.4577136123909453 3.4289649275904637 2.6859054619506617 2.956971670817959 5.84320884760119 6.693262659883976 10.880892155539962 16.21074248161812 21.578902201931587 21.20156580998292 21.86953831506506 21.817191117882764 21.74204180056693 22.011300548687053 21.334819726824023 19.529714928175324 16.77702601361066 13.590445499684593 10.363243018719622 7.28720039436883 5.083921243484702 -0.6808386749161216 -12.319812869924004 -13.923227024020045 -13.543576576183765 -12.615895110033788 -12.28231485158451 -7.946704735519749 -5.585485862262178 -3.5112695180116043 2.457625870039689 5.990714652756374 4.232229832691525 3.91615914124398 5.781440120538934 8.633563126469253 9.965113091421351 14.239984798761522 17.345415552566514 17.723055806498195 18.730395142722372 19.65923212819506 20.39805826700825 20.41542312337429 19.26170309121437 17.3317755407331 13.86757613329201 10.411046596686944 7.0961165457800295 3.7605242243090293 1.9636753827551932 -2.859706348864675 -14.224608683613102 -16.805394614964353 -17.220466510443217 -17.450733167004095 -18.571819857902796 -13.721730945389416 -9.200182974686859 -5.879074136462835 -1.6835771671825304 -0.5814077447520858 11.419323333545515 7.4643059184982485 7.993389794790978 9.83598774839118 9.439151118604068 12.443258596288631 13.764795528415892 15.299023812881428 16.688650983219578 17.956294849396997 19.386872414677736 18.870922114186875 16.54581288053435 13.624843840196814 9.421333302039617 6.046884698694297 2.0141625070151856 -1.0032386785765712 -1.5880183175979636 -5.199583518983651 -15.852322278461033 -19.768695993905183 -21.26460994642378 -22.8271871249964 -22.039119025536053 -16.327806251432534 -13.368819887166724 -13.401645872697381 -7.944093023891586 -4.226243002644706 6.467448107335055 5.668342614780478 10.353143275912355 9.104743215041273 7.680808623999899 8.536112570600578 10.911746328380737 12.995314743527095 14.908623661440066 17.573886381365234 19.72144721373577 17.486494521114118 12.511773783883614 6.988570828853603 2.9110623081921676 3.5105945783148997 1.0415772050722156 -1.3884752139542231 -4.144408533332641 -7.416243443029644 -16.931765811748658 -21.87213109298404 -23.458264325313408 -24.401705093842196 -23.02496667703968 -19.012098365446985 -15.328089901655858 -13.681127160323545 -10.713618056395468 -5.143622412830154 1.7685731053124167 3.932576455504283 8.797401410121259 5.536648970204627 6.731772437492915 5.623993620001497 8.005084538201066 10.438864679802657 13.280955176630338 16.685737549173297 19.250782054953305 15.820425163964803 10.09091451721581 4.2963267689581865 -1.0774306046687576 -3.4940149853339872 -5.16849214117226 -3.8555454540966476 -6.9788856332621965 -9.392990982127554 -17.19396452749834 -22.235393455216172 -23.029878484594196 -22.688043261426156 -21.723931495675522 -20.02849056677087 -16.881060032529007 -14.616281077121833 -14.308999427277463 -18.114900980718826 -9.700561842409991 0.8019967641990783 4.322540095592262 2.1609413870321967 2.499836387602322 4.238156993314551 5.3372388516380065 7.708290709727333 10.32924355263722 12.72325474215139 14.925164903227783 15.702419888175596 10.176958596315822 2.409029733699189 -7.124373673143313 -11.214216699174791 -12.677824446784266 -9.80741956039789 -10.533858287159138 -11.013308024935156 -16.71972267114383 -21.36473280989252 -21.921784662159414 -22.163342943258815 -21.366238295236517 -19.582738109466 -17.16512952697577 -15.903183760580335 -15.967031639112209 -16.37482493336901 -13.830654451980413 -1.1615644340361044 5.127796209802311 2.6342078401075186 -0.4479739337511469 1.7783794054326767 1.0516067565943878 2.3786479110195575 6.023551623089714 6.258614383929202 5.346410834694976 9.923521555244237 3.2850416183559887 -5.71778470812577 -13.289662337610874 -14.97885065767856 -15.220044909699745 -13.64732462426822 -13.32698160693516 -12.13009335612955 -15.586722892376 -19.722116445849608 -20.1362997622466 -20.467354655134578 -19.984394473201178 -18.597432847396377 -16.77814933452393 -15.61281503084888 -15.236572875313176 -13.998211267899 -11.598552760980315 -7.931352459099904 -3.993118845919444 1.8192328028189935 0.852340857996651 -1.6799887973300978 -5.48466454760362 -4.490801885504257 0.038231697190967216 -0.18690588333458677 -0.8361035083165768 1.1493039548185757 -3.42313053903894 -8.082992508831271 -13.484241426308705 -16.2345366313597 -16.12394167965759 -15.125933142811192 -14.595728824279515 -12.595234899958509 -14.048433552634892 -17.62808731544716 -17.939733480798633 -18.264574795055392 -17.99544147926737 -17.0793700062137 -15.60956227904209 -14.072169399001343 -12.699868258117032 -11.351698898333927 -10.026933887003743 -9.3365434144962 -2.764703722162599 -0.4095281162247015 -2.8797527890535592 -6.163555385969387 -12.811506613566106 -12.260727545789335 -3.8217030839409483 -3.7917420456500657 -5.917122150743508 -6.902754617833352 -7.353993522078719 -9.42398518280572 -12.966099355133787 -15.212709214439508 -15.590784933883148 -15.194967822797981 -14.768659668169411 -12.500781012076185 -12.345587428208297 -15.41732491164083 -15.667614900462452 -15.990412739607933 -15.88408056890821 -15.341124487365146 -14.25659332318938 -12.536074954003789 -10.404728766656964 -8.425806567182567 -7.0332502871210485 -5.201017779928077 -4.388155646195506 -8.084790791530464 -10.484463161908902 -11.307724937386103 -13.523788790053288 -16.30879702795145 -9.973470892960028 -8.350459264525853 -8.55917445135 -8.975695836294678 -9.413670408506087 -10.727502406072634 -12.855101301956168 -14.256420476571863 -14.78543075712469 -14.616112548559466 -14.250779135165342 -11.926348213231904 -10.720264477724275 -13.384317072768914 -13.611143168313598 -13.947318995418478 -13.97531687609217 -13.727642249623315 -13.019342046328804 -11.477508727785608 -9.288561125606039 -7.331547302681384 -6.564982814516469 -7.602433522214061 -8.927140324532127 -11.644645247733445 -16.739017757362475 -16.634721190984784 -13.036903464393145 -14.6451087155043 -12.030992745094595 -9.648804648498098 -8.876638432345368 -9.013025336381828 -9.816411359019783 -11.165151889765825 -12.680250763721242 -13.624612131232846 -13.896340321443072 -13.65012736533207 -13.333561161966783 -11.097567692225299 -9.23680449091984 -11.610922605199859 -11.848804759293184 -12.225341024690389 -12.385804488315891 -12.37877895855426 -12.062666602431436 -11.143711239607207 -9.775925403985493 -8.703498708042682 -8.380396279619816 -9.248018614623598 -10.840367359601494 -13.66628234020859 -17.218358889524605 -17.92974860957305 -15.755684126637577 -14.457235067298189 -12.347937596139895 -10.573523057222374 -9.632017769724825 -9.520009827413656 -10.111227602433427 -11.030745248255075 -11.96092274473479 -12.517527992008203 -12.618551075779994 -12.356402951752374 -12.105827909057336 -10.067671598148436 -8.009583025195395 -10.175066847195025 -10.433684014873721 -10.849382426953778 -11.11115016034253 -11.269314652194305 -11.260067000691187 -10.984148095808413 -10.562245157775731 -10.377970124800793 -10.629797048461503 -11.465008935374657 -12.787880500061368 -14.26637821357363 -15.488372110027973 -15.711930900432945 -14.87512070220544 -13.609546595970333 -12.248462130584748 -11.057446586994228 -10.23262985505467 -9.928484391405156 -10.113541943690157 -10.547220631102853 -11.032300645922573 -11.30304847040032 -11.302360026191058 -11.057877914437125 -10.865868766362555 -9.045032414550771 -4.676879507895489 -6.191792305720944 -6.462000101603537 -6.897799457261845 -7.290428764222754 -7.682071313548553 -8.062414354415091 -8.459034476982504 -8.914952229237256 -9.52869143374615 -10.291722362199677 -11.110458915764049 -11.862736418577164 -12.340361626041974 -12.466862881650155 -12.261991620650445 -11.79351954972 -11.22916404020749 -10.63539340054047 -9.985370665245414 -9.324902276447514 -8.770015386406438 -8.354432779373258 -8.046674013836464 -7.819092997830897 -7.619012130175945 -7.4342845853747095 -7.207364682925245 -7.089121105487449 -5.8363420235996895)
(UseCyclicTransform "false")
(UseDirectionCosines "true")
