(BSplineTransformSplineOrder 3)
(CompressResultImage "false")
(DefaultPixelValue 0)
(Direction 1 0 0 1)
(FinalBSplineInterpolationOrder 3)
(FixedImageDimension 2)
(FixedInternalImagePixelType "float")
(GridDirection 1 0 0 1)
(GridIndex 0 0)
(GridOrigin -106.7099223803515 -117.62916101138423)
(GridSize 33 25)
(GridSpacing 80.08958573991679 80.17144457763067)
(HowToCombineTransforms "Compose")
(Index 0 0)
(InitialTransformParameterFileName "")
(MovingImageDimension 2)
(MovingInternalImagePixelType "float")
(NumberOfParameters 1650)
(Origin 0 0)
(ResampleInterpolator "FinalBSplineInterpolator")
(Resampler "DefaultResampler")
(ResultImageFormat "tif")
(ResultImagePixelType "unsigned short")
(Size 2348 1698)
(Spacing 1 1)
(Transform "RecursiveBSplineTransform")
(TransformParameters 3.6166864513769337 6.159849998666022 7.437258729077534 9.07241912260359 10.83763692132924 12.679302238925322 14.410882607288633 15.967351970670048 17.274089630759335 18.22002644156563 18.693349012539674 18.514241489699554 17.502999138434923 15.736651571276115 13.292192002324194 10.495400889810263 7.671991161811519 4.992338203540057 2.626853061612183 0.713900489683991 -0.6081737585599277 -1.370169415106867 -1.6029100662555147 -1.5377204442809873 -1.4059485662388014 -1.274605093016195 -1.2105797536547263 -1.1538857802786584 -1.042922438823246 -0.8947691057636069 -0.7039993805157557 -0.5253486805992524 -0.10004007525343891 5.229094807169433 9.10228685923582 11.009546330967375 13.267905814343965 15.370717507137735 17.374509074638713 19.13339568365893 20.689663417838922 22.07247300809962 23.03248634710582 23.32997171305463 23.00765985509412 22.1121716230456 20.682489287653652 18.75735211701769 16.13881754679366 12.63053386177174 8.56289354476308 4.2669535047718234 0.5182216839677969 -1.9074268758352224 -2.9670433902618476 -2.618450509214203 -1.63080468377149 -0.7740210632443715 -0.22891178629857784 -0.17594674376376584 -0.3458450288944322 -0.46773696141814314 -0.5083242757074274 -0.41443842425539956 -0.2748450652787186 0.10007304738509402 6.115209212343795 10.473708605651037 12.537191496082995 14.839292629600719 16.66467817699277 17.980558137069067 18.954013123602607 20.122246036475456 21.606244735417345 22.058011649003433 21.937167316587683 21.45402710253911 20.503842892356385 19.4656338082291 18.52147620945062 16.71561164623719 13.345993903470944 9.06881887240845 4.377239611638526 0.16201880102937274 -2.5367590578833634 -3.59546042812919 -2.88296932734284 -1.411242621950865 -0.21111609501129658 0.4848487929481775 0.4518968241770056 0.08719761033418699 -0.2099107065665888 -0.3776330727151358 -0.33459313595351137 -0.20361665589084996 0.17350769363503127 7.371855096365602 11.893710442178854 13.68966900192342 15.927667954010097 18.422989497042458 17.712407158285274 17.03409807075291 18.563531048937243 20.679266199831762 19.459219507131497 17.587129545624094 17.276227377736358 16.612774984222114 16.343797108207934 17.243299664832577 15.820289597790163 12.484591940014871 8.34278317044982 3.7790017205709696 -0.48476834515237627 -3.161752250312583 -4.2740384140481735 -3.0757706756706105 -0.9496745451480018 0.6209681494616535 1.4116997659648696 1.1451274462187317 0.42482631527798514 -0.1387338202012984 -0.4649680210660254 -0.4483932341563572 -0.28184975556669173 0.2039833990139786 8.930675122422146 12.82679446849898 13.799433102437417 14.275894313419931 14.573792762470687 14.914360053653622 15.307946341651803 17.82914395690069 19.319375828361725 16.976903035294157 13.422821058981546 12.480717085065326 13.032926495384807 12.160456277803302 11.417298154717525 11.17310872510582 7.254842415501495 4.795578791768581 1.2150415939103987 -1.9210395142233894 -3.48863972419875 -4.428470306428052 -2.729982962296514 -0.1442505014013733 1.6447949153461612 2.351357968761668 1.6323690688122896 0.3605549211635124 -0.5472167682650677 -1.0219874256976966 -0.9582379574600041 -0.6682214682850927 0.12651821276589614 10.499145988150609 13.1073295820276 12.592644717256979 11.559129883917594 6.574553609840004 7.273913389259369 10.730868408764971 13.878773738772606 15.005877640340914 13.321132436162575 9.712010947770144 7.938152401219995 8.67445325330032 4.842058994648665 4.992996991719346 8.515758591781795 3.1269736068680727 1.4838277555043773 0.7021682965046296 -1.2695015608420328 -4.965178909317156 -4.88146637147053 -2.3346319182306705 0.278843537815036 2.632171078750331 3.005014609713755 1.5140918195975792 -0.5941903014814032 -1.9332833157175124 -2.5004400430514666 -2.2257981609298296 -1.6322892581114217 -0.13893529467432134 11.701359105373975 12.627725296337358 9.347160926909515 5.4061439496141865 2.6874055711899407 5.789663654742795 8.728023381312846 11.270172661831827 11.82075557066933 10.307481861347256 5.909824449620073 2.9511635112996837 2.9967032102449367 2.6783612700651585 5.376328693316892 4.306767609447918 1.3944786146786543 0.9710659827151994 -1.3358185804643201 -3.430805593939174 -4.044738960061066 -6.140429321598398 -4.030419022368266 0.29047752238011926 4.586902377231415 3.487036919806719 0.41890071931315104 -2.96537765601942 -4.835886801638718 -5.37805024109437 -4.6298486530499545 -3.4571454188491213 -0.6830869076217577 11.593588157231293 11.254245377412145 7.654805384058742 1.9634326777404025 1.4866364187765153 4.377668819420326 5.06411730007344 8.26902569609363 9.851135540688643 8.104917102635333 3.9245533648048267 -0.025770173225682494 -0.3166969052985071 0.09577376202477186 0.4728875590627941 -2.2083471176534806 1.1710428798725625 1.0650791063066551 -0.6856775712487099 -5.486005767107663 -5.280516996856118 -4.316531342290843 -0.5599241795547683 2.4982393693034037 4.620164480408974 2.9294186825903843 -4.2538144466588586 -8.351009610753435 -10.700595938165867 -11.004486512267576 -9.262277949168443 -6.954763142176693 -1.737659306078317 9.225899644131934 8.21880344359698 5.45559103163637 0.5065791433258909 1.3393888173665167 2.375121814041008 2.8639416957230774 4.627598361304847 6.159291073505289 4.6140480263850305 2.4087156837849495 -1.2816220661399822 -1.8313480694178368 -2.33409288576015 -5.093197882957333 -3.006303665030295 3.4398084319583733 -0.2990055679503682 -0.8250982135220021 -4.1146427545162725 -5.41836028219045 -3.7325050659277768 0.8725299877440194 -0.652212470752075 -2.3523805782191674 -1.0446984065453806 -13.604766142386946 -18.607678856863117 -20.962084198865636 -20.722849013637596 -17.210549359099545 -12.936924739775323 -3.535153761210855 4.933765996319329 3.27514613246181 1.344660397758756 0.2195470373053734 -0.09526670257761027 0.14509068579746748 1.5212793355853413 1.0741019554577471 2.6703575389329792 2.1290574269351428 -2.1739614945199843 -7.485659842896644 -8.460845452212679 -6.488159286105448 -8.351202915797726 -5.730325940776828 0.9696009494449823 -2.421778531935084 -0.4444472081039198 0.028587887392583992 -1.8582686282328904 -2.971727905950762 -1.6274193934563348 -1.9304206231784675 -3.0760829670313226 -5.58970762892085 -21.966978455668745 -31.483555621921845 -34.31749904870996 -33.40234100931512 -27.5886906931924 -20.745908728347757 -5.888944726732351 -0.9478915560492117 -2.912857588711959 -4.263000329303283 -2.995462337191096 -2.977675030586353 -1.184406041743954 1.2942915801833583 0.10603203064581092 -0.9420916889598854 -1.2458248223281232 -6.103218635367884 -9.5227872879058 -8.587318128215282 -7.579431610910808 -7.778406540759074 -7.9546265395254805 -4.766563123180913 -2.2885723120240726 -1.1078338863792334 -0.6728725915442307 1.3794291112553996 0.304236963540928 0.5463689303818012 -1.2839895770934577 -3.2019654307041416 -12.259062182624605 -32.02145602647675 -45.126220776252794 -49.38568992467253 -47.872654689313535 -39.49650397624525 -29.72238090901725 -8.612186824305613 -6.5652728424662845 -7.983986464715494 -7.331565546663659 -5.097823699846366 -2.983584735833709 -0.9993159905276753 0.6445017713681844 -0.846861388734081 -2.689472407876875 -6.44683155580548 -10.970295214278853 -9.592996477356511 -8.0513859212519 -7.920906345708571 -4.737268811411106 -2.9177845832901474 -1.0496809279425692 -2.2063289506304966 -1.5283425675923084 -0.7794964262482132 1.877555843769549 0.5756198419819385 2.168176341735501 -0.09445138193499925 -5.095931870338307 -17.925748572542904 -39.06410858511968 -55.431880122428765 -61.393635920979705 -59.70284453589581 -49.36409672330643 -37.21770148089621 -10.95420597196027 -10.06474446872045 -10.402718189273346 -8.791403251291582 -6.378224424392141 -3.835422279397885 -2.700452472333006 -1.2606650227604055 -3.2591313173130096 -6.395008682935364 -11.279543087109662 -16.520324240766424 -17.021406562063554 -12.503886752979172 -10.607708739171793 -8.187147898904987 -6.40199381275827 0.4344167126103892 -0.2268223817555496 -0.6895765288052158 -1.3186407619192901 -2.612290665309419 -3.277205546577747 -0.6924176804678367 -1.821082924084999 -4.571056927113747 -17.14713279120594 -40.01619437409004 -58.43980168698068 -65.55907987776214 -64.45763560607404 -53.62359804964196 -40.58491310829884 -12.164267152249543 -11.291160745358482 -10.120954715565347 -8.069895388219809 -4.36105041855296 -2.0685966691641005 -2.7738750561487118 -3.262035383271745 -7.094497337268527 -11.444820856557994 -16.812464035639245 -20.89481813468566 -22.391900650848456 -18.027564292628984 -15.2603800714078 -12.783079852803773 -8.734869999659308 1.9860886691278472 1.5635185201419843 -1.9198103026973123 -2.4331166976351803 -2.4721892116233963 -2.0972720499247557 -3.1309579167930357 -5.175416493206991 -2.4697680269643993 -8.584088141103173 -33.32330895374031 -54.426140319591546 -61.934415281757445 -62.00473022249189 -52.11299369637298 -39.68987972220726 -12.17906602844741 -10.089434070893553 -7.063315756858451 -4.224518080714398 -1.582343016488001 1.0950226761622037 -3.176286549578797 -7.003093656158648 -13.80690199960119 -19.71788677419187 -25.070491188399732 -26.712927088454517 -23.54965105663685 -22.8403021929143 -20.114991660130674 -15.242645274262292 -10.76806157177332 -0.35163747710575916 1.2043514367810428 -3.1291072913116706 -2.070720806942138 -0.8497477266093958 -0.9787998488259718 -2.262144981092281 -2.0191897453866368 2.2144896300660517 3.738445303565024 -19.522485230681827 -42.13191635533367 -50.38813204335124 -52.22377299425106 -44.67660112560403 -34.39802096481108 -10.935958589271111 -7.874163881620473 -3.5686076605556374 -1.4842671241048726 -0.5821444377179913 1.2469168300011109 -5.338451726101539 -9.926870931415552 -19.45569715370403 -27.315768066979885 -32.570542704202325 -31.562502775144953 -32.387861269484304 -28.559701016259876 -22.27933855214424 -17.600411996771754 -10.588134476281393 -6.464065334621106 -0.926237986295698 -2.2488974549885574 -2.0761140428777476 -1.0771790434147754 -1.221645063181813 -2.022204150412368 6.708488138778917 13.697351137182736 9.958864022487553 -4.185817813732686 -25.47518861807688 -35.83539642110557 -39.26008801339498 -34.492843954217705 -26.99073246294621 -8.999381875860536 -6.059851780020777 -1.5808822601838524 0.9493993579609403 2.39950725002858 0.12695831446414013 -7.676563069201371 -12.934912951391606 -23.902750663739106 -33.57862820885357 -37.57805092152528 -37.427728019711836 -38.21197978569705 -31.231894604556388 -24.33244955373384 -15.567912254854653 -0.6833182577271544 0.1848709776321576 1.4135691414481761 -0.48329548360976665 -1.7687404979510843 -0.8491663145307677 -1.1221766794606431 0.3401369385712403 10.915738336453906 19.086995666573944 13.17952902872479 1.3811454600466933 -13.379130822980903 -23.2399978838038 -27.276515263126726 -24.741187963439785 -19.746304574109814 -6.93361769433339 -4.89043918686504 -1.3237230296886162 0.7639288718811991 1.4570134731207782 -1.7710888215866265 -9.124515579943573 -18.9524400184656 -30.01164922770934 -38.73700999492571 -43.37938098553294 -44.522311230455365 -41.245399133118944 -32.7840711593365 -23.147185572733292 -9.86928810401499 3.651511808755538 4.27387496184454 4.805344338808206 3.216618942549593 -0.3573292316210086 -1.5209457517105418 -2.709806937053732 -3.617718163821349 8.986543958838743 17.1825665590314 12.94729917979283 2.5523675117087237 -6.066789333807689 -13.55832460978945 -17.39052222594 -16.38903745569061 -13.38761360423742 -4.954380950707747 -4.609420305303293 -3.0216764272293055 -2.1223203892601745 -2.772959656886542 -6.967751203053024 -14.55668789257069 -24.920319607094445 -35.27911437457672 -42.841761552744146 -46.8412251810259 -46.643489179190006 -41.915618152242736 -32.69804427578315 -20.61881244935077 -6.645125979421275 6.6099729490014605 9.875190114774249 4.7042799817520455 8.15706783527749 2.6820550351916377 -1.0653496904505082 -1.6090287082467059 -0.4593802339713917 6.679836592420413 11.716250227657087 11.536990371231328 4.623312644427397 -2.2768365536133355 -7.698610973161035 -10.70387908501101 -10.39868021882451 -8.637819070372782 -3.2778050080988637 -4.699727763551299 -5.298629656229607 -5.606892128730514 -7.500687392459972 -12.415849346299552 -19.931425995138678 -29.56666992991482 -38.83279246605923 -45.24084283966917 -48.059276826748764 -46.57695324428238 -40.843392938948114 -30.95752154221719 -18.121246169476827 -3.1899501934894086 9.328462890875715 12.393359297189729 4.459194668923031 4.97923900433832 4.914522507104914 2.438319409827781 2.1247397125015683 0.7072173568298612 1.9567622222057024 4.959548141361922 6.428275925635918 3.1639969930550897 -1.1539094981999891 -4.530125528298408 -6.456324705002591 -6.322311648825834 -5.26733098248749 -1.9558582345376927 -4.638003382473245 -6.7739872629753535 -7.914310184021038 -10.533576523216398 -15.555623270485174 -22.556039202622703 -30.9932306067632 -38.773317328953254 -43.78779139445051 -45.41223991024385 -43.032934086484424 -36.825153205932565 -26.972950548922885 -14.699057479792533 -1.004111372284765 10.263044209629543 15.49201908228164 13.627642917448096 7.137044281780134 4.684558548999519 2.5597796774764334 1.6214697494587456 1.3698692349937374 1.8762709440164078 2.318441935634398 2.56454067147047 0.9174312197596362 -1.218290384907925 -2.9034021005412707 -3.8753375346870302 -3.707614256524061 -3.046630324238262 -1.0408979664447495 -4.401922213310917 -7.331357294999426 -8.871610582562258 -11.679519922263767 -16.28560347489988 -22.30813212262071 -29.21247952267376 -35.31214142080541 -38.91002489778621 -39.53748439942833 -36.725131499130505 -30.727294936804807 -21.796033394950236 -10.958089956746939 0.753356452106084 10.466667108775237 15.317906499016244 15.614447081117346 11.678172014147084 6.924509268825397 3.5668731411419117 1.484759776167972 0.8221335033212787 0.8222039077999349 0.5342049137164188 0.10857248863764994 -0.7939210285150586 -1.7851576711586328 -2.421099090780835 -2.645935582107564 -2.3313998246283734 -1.8284022602075378 -0.5097555021177389 -3.8824635808557195 -6.691280927180856 -8.113436440803818 -10.478193050964956 -14.07060673149321 -18.595946426708892 -23.612177995907615 -27.89275551695549 -30.20484510211414 -30.228697685220567 -27.64484742849728 -22.711265690376383 -15.685927737455623 -7.350347860007118 1.5112888969359501 8.87441447144113 12.715813779726428 13.178375988053084 10.408944913873711 6.395239878797257 3.1176824958593445 0.7428232714053178 -0.5688346973217466 -1.2491962802055154 -1.7304143368099403 -2.1074519415555373 -2.4739389418578037 -2.709683153093749 -2.689681858419815 -2.4498725782936046 -1.9674652992105335 -1.4656522757727297 -0.34442775507047013 -3.3032724304824423 -5.603575261937237 -6.704026497678896 -8.440007302751807 -10.966164612605535 -14.075854923069768 -17.44169395738895 -20.22564042014488 -21.5813406946899 -21.308080115142925 -19.205240740755443 -15.49862328659339 -10.414265857974677 -4.501769964568239 1.6885879132927428 6.81287098373958 9.527302725695781 9.855167443281246 7.8194858100159 4.743692209737829 1.951560581317288 -0.28721649839406427 -1.703857522610808 -2.557800140257715 -3.108499164585729 -3.41635534721516 -3.5414370761423934 -3.4602628517884337 -3.1448392268273646 -2.674014970932303 -2.0664462197771307 -1.5124860386295604 -0.363744603133158 -1.6795819995399095 -2.5279489256517524 -2.821581514073481 -3.1953387613594373 -3.6516895434079006 -4.14869257609678 -4.599011471913784 -4.846787122799013 -4.732895087999142 -4.24538674111263 -3.372037173884125 -2.22571332969572 -0.9192673779607792 0.42376948772330786 1.6798148225485763 2.6275900657876505 3.0457685611414687 2.9162987140431325 2.221155780259096 1.1741079030695922 -0.011049727022072152 -1.2017042430362006 -2.2652478563414347 -3.126007513020649 -3.7082981047812256 -3.999204191014336 -3.9855213239683973 -3.722721211720889 -3.2622288943773965 -2.6993239339937745 -2.072942511127498 -1.5366729706893838 -0.4593490288789378 -2.4100370870232646 0.4716260055459198 2.053864727390975 2.7771625745250765 0.9994717912623952 -2.9153462597000126 -8.753006018841718 -14.218167580601717 -17.026179692690413 -17.058920548265153 -14.199009468020549 -10.291238347766475 -7.180504349220767 -5.275197668794368 -4.983657169863607 -5.630375644270406 -6.539834712670421 -7.452439589364781 -8.108629838548909 -8.390405328759313 -8.179718608119398 -7.504773153243362 -6.393824414582479 -5.102486948677543 -3.886340589893953 -2.8322383027836335 -2.0269433274767916 -1.4374146586194891 -1.030221384418409 -0.7846963227873669 -0.6754189151604404 -0.6402241677535738 -0.550652109980997 -8.943186691835106 -5.239437121188069 -1.8199975650347981 1.2401111849884228 1.3456285778068158 -1.3246311688226757 -6.779437494694288 -12.260386477068167 -15.022986208113366 -14.97816623622542 -12.029416994509356 -8.155132571115825 -5.341549379999668 -3.9417953535808636 -4.310278810171159 -5.543396506663858 -6.739285510387472 -7.649579612008418 -8.0294616990185 -8.073677614067854 -7.975701033419448 -7.77258263112116 -7.500537323103164 -7.052815597037666 -6.320982804151374 -5.347409475246162 -4.173952115420659 -3.039761257349993 -2.1833575298248085 -1.642842822355259 -1.4470126335401938 -1.4181259726389308 -1.249382168784454 -12.671913393527856 -9.251444797123689 -5.1237891922111825 -0.7160862475324001 1.7113997769483082 1.1379171901048135 -2.9246781373313055 -7.1289910412495825 -8.887355041195631 -8.841142772424327 -7.217471100476825 -4.729300507776758 -3.006774013241938 -2.150535215753045 -2.5318040346549604 -3.703254290402136 -4.530130414674587 -5.124492991715644 -5.253422017401078 -5.290774528950284 -5.4696882082788925 -5.8258018715931525 -6.369461443537799 -6.7501822398779225 -6.6325784825176 -5.986480163699923 -4.792347100153079 -3.476919027602957 -2.4655106101431965 -1.834238551851627 -1.6512043726204673 -1.6698113818928924 -1.5381248490692099 -17.303763687075982 -14.548291947484628 -9.815802043920984 -3.881289971349311 2.3253804255560784 3.4114782600297753 0.25479609605963965 -2.3612006594320136 -2.5153289043947544 -0.915286262233427 -1.4689781605111163 -1.2155307982282728 -0.7508922968538233 -0.37785490425084056 -0.1609263964061487 -0.7655076349955682 -0.48719926673230796 -1.3384066842087963 -1.414665331664029 -1.571637696876494 -1.9505087108752812 -2.745489419066312 -4.167904143353718 -5.49549407878093 -6.3112094615123455 -6.2683202989217754 -5.12624840468739 -3.6180326448384807 -2.467586715530895 -1.7911855702689221 -1.7038085848073843 -1.8495155230725318 -1.8790927087416673 -21.840742030443394 -20.08534884000227 -14.980325827626784 -8.088447684243807 -2.3216703738540483 -0.37774965483854905 -0.7383037217750247 0.29464807136386545 0.43316632824439855 1.4999460634160944 1.31309100338722 0.970824846949433 0.5385425375755127 0.34362786683678104 0.3030208533768046 3.0595680566614627 5.43285700464224 3.1095744694857816 4.716002788279241 2.5962763385037104 1.1143345459125495 0.8024772412457721 -0.8105812775224898 -3.1012847043088763 -5.011383436290795 -5.810104000287219 -4.803204891568813 -3.1239527891442895 -1.9075669174549486 -1.2941988792821009 -1.4382092828327246 -1.8296099167926447 -2.2189060756033054 -26.065125698790663 -25.30673650195636 -19.65273369084825 -13.209366614451644 -10.05543245274397 -2.4558254256698975 1.8210649941090267 3.178356324085373 3.4045593629716038 4.24279183058143 4.8535956090137145 4.0945058082229195 1.3262575618528325 2.1268229089181583 3.0708705029588454 4.126084018448937 6.13850754762523 5.582542906138906 6.345224977282347 1.7101202883650986 2.357764533350528 2.9359921647984266 1.9937918630296152 -0.9074191812158883 -3.60584511804106 -4.894496676421362 -3.943080308496815 -2.1618160858306177 -0.9763292049405213 -0.5284538951455523 -1.0008879554822205 -1.7123498972247333 -2.574983124521231 -29.421167277653485 -29.294183768220858 -23.363730562105886 -18.22926403291408 -12.717576571758709 -4.0872564261541795 -0.8005875052960532 0.875051247032868 2.0804256235435714 2.1308245971724733 3.750654179325691 3.2516872632201275 1.5817433915193488 1.635690539072632 2.7678923630700254 2.251478063580967 6.3479598661951036 10.420631624674755 8.56998429168713 2.9309749997399566 4.347227795191031 4.901687941731031 2.212424500601369 -0.23647450615510682 -4.3255868812833 -4.849595267214653 -2.738755548972879 -0.8416391063658615 0.1937914764081987 0.3657473680680321 -0.49756692008052034 -1.5584080500114614 -2.927730887939625 -31.53819054127984 -31.93931897753009 -25.397159550817857 -17.987509963975764 -12.837126896315207 -7.742815409796645 -3.7172309508992964 -2.4112408483225374 -1.6789330762291108 -0.7933769024833973 0.7076506026932615 1.4287481170745773 1.611739240043645 2.194631543849415 6.34378662793796 7.059313951749522 11.202659703708543 14.892489736310866 10.971328442035416 4.754837146449193 2.232611519093448 0.8231751579394448 -2.0513625121286316 -2.7162866908580505 -2.9538053794561363 -3.60975136655775 -1.921396130022446 -0.12229976364369133 0.7438607446457212 0.6312059957173154 -0.5038422450187484 -1.764168069060821 -3.338406185900582 -32.021405940965664 -32.94956541112551 -26.21191502464546 -17.441241478093513 -13.187466127309111 -11.129816424545293 -5.962376032017471 -4.761703254286209 -3.02406630594117 -1.3858102448166414 0.7240395402822676 3.0308527566967967 3.7202926801744938 5.0539267555226886 9.142654685286317 14.056510482432145 15.955578001830835 11.502922894941603 7.238402879955835 1.9136586598260352 -0.496881196158392 0.21391518816037564 -2.2875836358473984 -5.196889011467698 -0.5046805155678145 -1.325535532104869 -2.1195857763753465 -0.7551752816789504 -0.17591247339939314 -0.48364598532330916 -1.5916164715126124 -2.722835397684236 -3.8655984719795464 -30.846626354486155 -32.08184160997336 -25.996757683979144 -17.563851751987887 -12.807504434047274 -10.193787409406793 -5.602858513301256 -2.274754408820852 -1.7622759262091137 -1.3091001602041246 1.409826731679934 4.297182918124601 5.197968782100923 5.659975602015134 12.000762308693169 17.221387892262772 13.335260392274625 7.923355938238406 7.152859570797572 1.8633269872945912 0.46527742313054277 0.44150518517795895 -3.1531189720785653 -5.290827269718401 -4.075237977311577 -2.5043395075261694 -2.577677990547205 -2.5923249979767116 -2.439907023662301 -2.8586558193284484 -3.658039351171162 -4.352946823090996 -4.482240947813931 -27.988243248547118 -29.210867359974287 -23.69881154248388 -16.794010278190516 -13.040115984343815 -9.89779044469526 -7.431907370366466 -2.765886226466598 -2.0714356253809387 -1.9044614913075144 1.8616885152415659 4.019565732571457 4.267691399328861 6.279444811089306 14.01086090088579 16.824596015222898 14.252879247862174 11.771162258306607 9.122021347210337 2.943807706578118 0.36827726534267335 2.2317721803631936 0.3470594243130156 -2.7054049885947156 -4.384664289779136 -5.5369860103514394 -6.558447108672805 -5.781869013405809 -5.899649114975363 -6.3607741177143815 -6.595568587655609 -6.572416503425953 -5.161060137609989 -23.886011740669417 -24.9830754904423 -20.731741853225298 -16.01124073372204 -11.690682198901051 -8.154105671363055 -6.747826039996778 -4.677690129547777 -5.185887932937501 -4.210055859301877 -0.5412953623491017 0.7301190661955831 3.2804951705270358 7.326344393553219 10.533569065245597 13.54280837021874 11.756022533439616 12.839020493388253 10.091016156887568 5.234316332593407 2.3680125813495083 0.3703171676379727 1.236641052273186 -2.18459896972261 -7.195656421808195 -8.211362057746092 -9.31349074110156 -8.717863431310654 -9.5363195740926 -9.976872861219888 -9.58137820008191 -8.794704215524026 -5.786742067324757 -18.979408253839956 -19.772132484490804 -16.837621213751596 -13.186789154629016 -10.605482232858384 -9.41490466346964 -8.14756501680321 -6.761219168158079 -6.592748581034348 -6.661721979775998 -4.55771309320977 -4.998057369506023 -2.164032821750414 1.7275209999854542 4.624891344877848 9.033534386306744 11.689984786976217 15.694665425569193 10.95582833977981 5.870000510848784 2.2013111452868688 -0.07325668212379903 -0.13239469456067302 -4.721091602410499 -7.724120514273048 -7.724034453434532 -8.939487912628586 -10.768901522617476 -12.365215694223588 -12.692324894764335 -11.792443945488186 -10.433376573196735 -6.243936508444729 -13.63862388120141 -13.908984219703543 -11.714993367997662 -8.39677763765043 -8.433805712073498 -7.78508294845724 -8.461779899833042 -7.575014970989552 -7.062868530542994 -8.8860865034402 -8.636534766186017 -6.094335168999738 -5.187591110962845 -3.2272937692953167 1.5193259788921811 5.7875886181919 12.386935114307871 15.320792257105753 8.812707218648617 5.520323553476608 3.5713175426162596 2.5532284864587016 -0.9219590048509415 -4.9902676276817 -6.0174881724469165 -7.572389347984824 -9.484479123302846 -12.323462826559041 -14.108748972666458 -14.246414864475318 -13.02095828046111 -11.3415722746082 -6.500691580465698 -8.233765226831604 -7.7045249943886915 -5.60360666101237 -3.961551919359558 -6.0968413072646666 -5.67501926053914 -5.105069189684137 -5.4922415520255035 -5.1336921284462 -8.199992612055869 -8.34251984408554 -7.7045051569039975 -7.102690646264164 -4.863480815256917 -0.2992353739326486 4.156820374046473 7.962124411673758 8.700821284864261 5.886305874787294 3.858594031645705 1.5120894607600195 1.2450093586957225 1.4961439613699616 -3.2888344936052167 -5.0689689888406635 -7.810426028603888 -11.743336807180555 -13.800307843985722 -14.51741824770872 -14.379388281171673 -13.05967515369663 -11.372661426898722 -6.525229026089501 -3.4643944177557247 -2.0738596474843467 1.284416970345214 2.934745642251482 -1.6818180693502722 -1.2193754990093508 -3.4226575550144 -4.491144548045555 -5.055846388372169 -7.157009229990228 -9.7002245776716 -9.261743022830537 -8.814335591879729 -6.504891486657122 -3.605209910657898 2.2464338839794484 5.03795334477798 6.5684954621053615 4.529089064476823 1.8620992889649388 -0.22097589175832083 0.5599086650438412 2.681831973645879 -1.2398486221642575 -4.306981238628737 -6.5607522983387305 -11.418649591549478 -13.19070720439396 -13.65624896298437 -13.32211509030879 -12.130650455677785 -10.682894733256001 -6.3386358159648255 -0.030047367819254437 1.98577868603279 3.1817749000275564 3.8560727464031146 4.129340960283229 4.349024418809816 -3.1548241388297877 0.31365957286822577 -2.641848386680924 -3.901580846485027 -10.721022200270422 -9.936846717981545 -8.863804765306389 -6.705808747579206 -3.3427385480886165 2.691370685224817 8.1254667905499 8.250557615427507 5.095406619015932 3.24803295012203 1.9774851384720573 -1.7189318429713079 -1.8831133642622093 -2.128923489734434 -4.333256736879229 -7.038728979476607 -9.428531039049224 -11.125044086255432 -11.641774575995587 -11.309216125153114 -10.45679897628661 -9.428125232331093 -5.961932053915793 2.0168158826040252 4.549783073491114 5.099344115476377 5.258765475269163 5.0502403277576375 4.552142036260534 2.9708080643481405 2.448657925778171 -0.06549815545848807 -0.9772373072711795 -5.971199457012953 -7.073034688762711 -6.073690238706857 -3.142032666164545 0.6009030849348006 5.034256778916441 13.437084941695431 14.161602163027977 7.179097098338004 2.9296989228540644 2.0365794782171966 1.5319915583210346 -3.450124691343262 -4.147471095193621 -4.90828585605222 -6.093036296503566 -6.834276174825359 -8.604346828199008 -8.916302792294262 -8.691759433988704 -8.30126989706968 -7.7984340413964945 -5.441738642894844 2.6235834500886686 5.514199322998773 6.261019778130451 6.76118604549056 6.543558722186561 5.998311509355606 5.144146988817188 3.6009019701258174 1.3916731186179228 -0.6505469678710017 -1.9522430674399311 -2.293565735589005 -1.5284455496148925 1.6606847715608293 5.459460558461362 6.758290300691307 9.918714558118657 9.34390148943548 6.287048246986638 1.1162644927357794 -0.43171564561858883 -2.193806479868853 -5.391609118217676 -7.030856260924719 -7.607906892283208 -7.424926739140915 -6.670792560155248 -6.141653777709535 -5.915538096335366 -5.82119772278634 -5.927061522423856 -5.983942895159617 -4.824558396312064 2.3856755251975867 5.420935553879177 6.425571598955299 7.26410955750466 7.515598715144821 7.312010104146446 6.619060364987584 5.60794998796588 4.454699450535269 3.4666193005972374 2.959476742756756 3.2036151391844117 4.408846068639873 6.481496108455868 8.989920037841665 9.841957082284672 8.797098499410094 3.8934680876756955 2.6973144349415956 -2.4027117623108634 -3.532355320694442 -1.004689772313674 -6.175684833744881 -11.072943886821426 -8.826106163314796 -6.967615106183531 -5.377275082620243 -3.9975107091302493 -3.406003268255579 -3.38593979415614 -3.8748157836520143 -4.377901161551824 -4.211036592498293 1.8970639047831366 4.818910280091091 5.973346116946262 7.1202556620880655 7.858909258022396 8.240501990460151 8.162312718284953 7.841019305005109 7.482652500271813 7.194989130507372 7.081215090467908 7.358936886012368 8.260070110089684 9.449880010654576 10.604793351659053 10.725768896379455 8.62286859531773 4.579419903278278 1.0496306524665002 -11.84622127261394 -22.847639076618204 -23.04819328360729 -17.482309439099808 -13.484369208894059 -10.169477443592283 -7.200955334483732 -4.891053575336966 -3.052393303440513 -2.1543379127821383 -2.0748744477749983 -2.6862691605413644 -3.373547675409918 -3.6988876025602755 1.367515876628416 3.975774505641201 5.142989652921143 6.439252508224376 7.520202749650484 8.388232881106374 8.909015850933288 9.182744591100702 9.298751524972232 9.312407192837526 9.277789376358612 9.406970155604876 9.915777433433039 10.46310341446496 10.706335501986732 9.511584468638516 5.761098651322837 -0.5600944767432134 -9.011473617618151 -19.71413623262772 -28.189988130307487 -29.86495696166305 -24.045646992002872 -17.85258091277821 -12.861306135795457 -8.546900967572709 -5.378238235399377 -3.2702189352415507 -2.1457303718213727 -1.8832792459372325 -2.373465962621763 -2.9987228626902955 -3.334658465690455 0.9861781358367105 3.085459383962194 4.074781252946095 5.2229173237978275 6.26301361760042 7.18078798805201 7.851798934950697 8.315385038277592 8.603166782575268 8.739260899616832 8.747449692875374 8.809449510618887 9.106672743003339 9.316623293445227 9.11479527200621 7.342953346461182 2.8436853414824266 -4.16013878268317 -13.44364744115667 -22.172808052719596 -27.50896895303407 -28.837661828334593 -25.57463696192888 -20.119201177031545 -14.869488970854455 -10.33512318432753 -7.024364830748162 -4.772890044158805 -3.4146307776647027 -2.8507472809094123 -2.9706249545830765 -3.2788117022221988 -3.1240364501720475 0.743511739889154 2.3468946533321042 3.10991160337731 4.0080928493014945 4.845071758737883 5.606882488015152 6.19541143417255 6.627922366661136 6.915510863359441 7.067046072990358 7.091061049812449 7.130251374239341 7.327572659872078 7.387135998892007 7.0125861948630135 5.114842648350228 0.6047535342628275 -6.125582764640701 -14.683919161080935 -22.553361017165706 -27.21811415684632 -28.314619048146742 -25.479981858373474 -20.690123914336894 -15.921051801920798 -11.70227663319673 -8.563022876323219 -6.331088871129357 -4.831214869079177 -4.001615787578022 -3.739927522577078 -3.7010978129833183 -2.9755593064646217 0.3434216686785903 0.9329404838394616 1.1988030290695693 1.508536474302521 1.797154478922904 2.05941772682274 2.2590356532065248 2.402861654032116 2.495513270679759 2.5309147149924556 2.502801094727407 2.4605642584575835 2.453596041927781 2.305226392999659 1.8388217606788584 0.42078982538091914 -2.5824686643689443 -6.859805362749034 -12.100097193877037 -16.857866969140016 -19.68768037766915 -20.44596042942944 -18.98910753988872 -16.36163536271907 -13.608035543822556 -11.057064945057448 -9.037070016970981 -7.424353910975278 -6.089514828662449 -5.059919239829667 -4.2833954798275995 -3.7217006262542927 -2.2287657069030584)
(UseCyclicTransform "false")
(UseDirectionCosines "true")
