(BSplineTransformSplineOrder 3)
(CompressResultImage "false")
(DefaultPixelValue 0)
(Direction 1 0 0 1)
(FinalBSplineInterpolationOrder 3)
(FixedImageDimension 2)
(FixedInternalImagePixelType "float")
(GridDirection 1 0 0 1)
(GridIndex 0 0)
(GridOrigin -119.18110396297644 -116.77944645308642)
(GridSize 41 25)
(GridSpacing 80.21675458182331 80.67200270919506)
(HowToCombineTransforms "Compose")
(Index 0 0)
(InitialTransformParameterFileName "")
(MovingImageDimension 2)
(MovingInternalImagePixelType "float")
(NumberOfParameters 2050)
(Origin 0 0)
(ResampleInterpolator "FinalBSplineInterpolator")
(Resampler "DefaultResampler")
(ResultImageFormat "tif")
(ResultImagePixelType "unsigned short")
(Size 2983 1697)
(Spacing 1 1)
(Transform "RecursiveBSplineTransform")
(TransformParameters 4.432889011888863 6.706586103683096 7.402271822428314 8.175804068441927 8.977956821418609 9.816574514080825 10.577083575982234 11.24165683218388 11.783675566139133 12.191734046466078 12.453793025303378 12.597951494369918 12.652264871494928 12.632700153802435 12.555226919641596 12.433982634366007 12.283109522430149 12.119453534952859 11.95985929510639 11.824751344402674 11.734556882071221 11.705859453638947 11.755234553748727 11.907961846266453 12.189327082283356 12.58086151784718 13.064081140377816 13.57582378065966 14.052919349274722 14.443151743102847 14.694313337697144 14.729751465590274 14.472793762308514 13.933981360812448 13.123036679123748 12.10636134785347 10.939089290998295 9.78736306226271 8.660389795006042 7.669635550561718 4.74071318914893 9.532382672908103 14.073339491257604 15.387105239092056 16.80557906668252 18.2468244937168 19.72512402345976 21.009641085401274 22.06298171705104 22.830189086327913 23.292761118936028 23.430993145775492 23.314229278435302 23.01166199165286 22.559025975443976 21.992077525658214 21.333400787554766 20.605632184090958 19.84600058100759 19.09175879972434 18.395145145620692 17.808348989546374 17.372136401644276 17.127246548916098 17.130311542802378 17.437984553770224 18.01871710859248 18.840941844829665 19.783887798921295 20.72673740107729 21.566286335351933 22.19930654919457 22.471426002729665 22.228134454321633 21.483296130333425 20.249504752188813 18.664305639152634 16.84804993192517 15.063876191443498 13.33565056517775 11.824489016694955 7.359035307922279 11.63360572300282 17.068509064657107 18.61752428106206 20.274836719195537 21.946045772926354 23.647698970134975 25.10299834493405 26.267432956322804 27.07570433448816 27.507910358015078 27.543016631267633 27.26998471903866 26.777616646412486 26.109880334262755 25.31074653815499 24.40310024814646 23.409969858014225 22.37643066219513 21.347659813869985 20.390813197033193 19.57268150147525 18.94477932074779 18.55858027408299 18.483868156901824 18.790609796918247 19.442246787524457 20.402101736954094 21.52624772531899 22.670512557469433 23.710258073978785 24.520907448552368 24.91457014435149 24.703325649214996 23.901989224545165 22.524144824999368 20.739841018453593 18.70006449415525 16.70096585352104 14.77410425469663 13.095467420181109 8.15422848706101 14.147920510351783 20.62384239057618 22.44276622158554 24.37003869816759 26.29614050747798 28.239560619300097 29.86964164025272 31.133003711409405 31.952053085385543 32.30675522447365 32.17644730873591 31.677784075164478 30.927372017125993 29.979462347940867 28.887968130380354 27.673388120166774 26.35606196278579 24.98995812733125 23.629415765775708 22.359317789518695 21.264579038583218 20.40974967653869 19.85944314889042 19.69894267414924 20.014297277620592 20.761362031679628 21.895563923757916 23.24687555619461 24.645105190552858 25.93859941761577 26.97602513799283 27.529308662543915 27.370508221510008 26.516542742628193 24.98373855027898 22.97902756103925 20.68863887901466 18.44622604451247 16.29369457838508 14.42628359649892 8.968241008560502 16.72308253014579 24.22964151839942 26.31229347546208 28.498869841377246 30.663307175191143 32.82523914017199 34.599689449228116 35.92312670742654 36.70443558892975 36.92649946533851 36.57145134760823 35.79096756829125 34.737592650552884 33.47693221487718 32.07352682976601 30.541093736580873 28.89303978866822 27.191986143392413 25.50055409348901 23.92150084643102 22.557768868308777 21.487332457582085 20.788453379617305 20.562759486930517 20.91218700397203 21.78148466055601 23.114302098988503 24.717092581127226 26.395930282835938 27.96996193138651 29.257409405339367 29.989489882434498 29.89772673675918 29.00416430440087 27.331238293613254 25.1178487055874 22.58100148554289 20.092849127972496 17.707210918880406 15.64482118808847 9.678830009543521 19.304531901437482 27.799539362511698 30.128937815221942 32.54786028138554 34.90983240886931 37.23453222197402 39.08360103553556 40.391423129280525 41.0610767217292 41.07810657532526 40.427708452826195 39.313352028350344 37.93919859748998 36.36208677676139 34.63750600361602 32.776939804914065 30.79223595945081 28.772626458048606 26.806518393246545 24.96534847804723 23.321182898493593 22.002570378241323 21.138695836812428 20.87681890472765 21.36294857132223 22.452573040056638 24.000402738890003 25.86260300656975 27.894593825970865 29.83116117677884 31.40510691223617 32.29980265016789 32.19984050680059 31.202323592085637 29.40393418449876 27.028854544994054 24.279113676626903 21.563984994454938 18.949920948799388 16.692945221714087 10.246270489761075 21.5674924858038 30.856525585493948 33.372524465017314 35.946821854625554 38.407569323136975 40.77276373123297 42.559851855830814 43.71881473506314 44.1658566755528 43.88639305053205 42.866488120917374 41.38339649539366 39.714128592230516 37.86669504918348 35.847766545483765 33.678530745152536 31.382925958731242 29.11183933469548 27.013627151120325 25.02694027342972 23.09857807211425 21.47897137944398 20.416998107377605 20.164159442516727 20.96732829078699 22.43721772313946 24.19048340092275 26.282943883471447 28.772636526170068 31.17306346069793 33.058196752664976 34.053264654966306 33.775350737836256 32.56570034300787 30.682161624967733 28.236075018706973 25.368311306014384 22.499255847130826 19.70544114531943 17.288796551147993 10.48981488229414 23.3803396077066 33.2086360623794 35.831660296536306 38.44950854554214 40.8480562651918 43.05911009170677 44.58079667513176 45.41035097442214 45.50864972837768 44.8148081938361 43.32207731109981 41.42136626971836 39.4546349343938 37.37469969214459 35.115082362859944 32.70296430293216 30.160554288561727 27.89710849465139 26.008477603060236 23.708608943070356 21.135257968336916 19.465008891214772 18.37830599013821 18.293802377547355 19.824713792829595 21.467085403500484 24.112059998653127 26.54701293446541 28.923145190165325 31.517940210130103 33.36385875318686 35.02663192274289 33.80530622420217 33.01209306574341 31.448584229765192 28.459312449468705 25.577596084893777 22.668620439221918 19.782752292005707 17.27054777458737 10.31425682990922 24.59202385543714 34.6359099244221 37.2651103373847 39.77781233898283 41.88972624202123 43.694887494376516 44.48166309476861 44.43863237926069 44.41136292772373 43.10722334936288 40.71962774476992 38.76250978051664 36.41208985438758 34.1072134038393 31.872472821288813 29.041558045498643 26.109356299316293 24.605059409129296 24.555422576997632 20.103737237029232 16.53236292926001 15.750224010854074 12.770015207700105 12.474360598501077 17.745124573045395 19.62196694052752 22.27914909226583 22.285897195353385 25.07099414036187 30.437604822200235 31.731390697362155 33.91932487743264 30.531169675395006 29.238430295143605 28.937104640040193 27.33314259269873 24.678855993644206 21.822597036569917 18.972812775549674 16.460273589039037 9.614265482155542 25.1495384196582 35.038568792222556 37.55255775254034 39.812169447495776 41.465365585072156 42.777341553952304 42.82701658344537 41.288750399608645 40.377971227736374 38.258108065112374 35.22747147660393 33.06960998008845 29.917806676652162 28.068779738080078 25.98538947519714 23.024175278543346 21.782603479673636 20.15384481128877 19.175488655228015 16.876963781351037 15.684639258041695 11.716400283825958 7.586927971579921 8.185338795859517 15.26995448485117 16.661514712230282 18.873015840463353 18.384633149800877 18.93130716534613 24.573025988921657 27.09437887664338 26.494731105896825 26.519182460666766 26.044879998945284 25.542098219420918 24.818660419655814 22.593157163513244 19.986772094213315 17.285723770647795 14.866899152445788 8.39661798967783 24.99852500835105 34.314545965550465 36.57039178884763 38.4294133512411 39.503166354115926 40.096881334236286 39.83264062312718 37.81437611753147 34.653785626944575 31.41814659661989 27.462232818193822 24.4765089965634 21.509706070784688 20.39579434290944 17.41883479690464 12.860268093750033 13.722483803322776 15.335936936673649 14.173844335636003 12.252939887663704 9.886120170879769 11.681995763785515 11.185237040550975 6.49521760674004 10.386934084033648 13.960097646432214 14.247023661448727 15.591887717905765 13.882189511655573 16.925329914249385 17.49975446187373 18.695446518605483 22.588519931439865 22.467161296184642 21.443404628709555 21.259512831533563 19.422260804364196 17.187033536653903 14.730690906154859 12.498211107127833 6.667368405432598 24.222200829507777 32.50554071145475 34.32535968039095 35.62176477865971 36.04486554589927 35.48918224054528 33.69309461566328 30.340233244761073 27.978881585956223 24.797631004044558 17.64858216614214 13.764798236674014 12.051554842915566 10.48095629812867 9.383723168991132 5.802951625846914 8.11341052999895 7.720154843365854 4.004930851033524 3.934375473543271 2.3268832084840954 2.010548116304348 4.259330251962164 1.969122716969996 0.8426589938899197 9.0955840308985 9.082451393072514 10.322778153442952 13.199411646649558 14.759302345959712 12.076687733060563 12.514196468809178 16.312311607154808 19.20940159674095 17.981588596675252 17.64236873624367 15.812396830811373 13.817473701162388 11.614535831307304 9.603797244816475 4.57092490647362 22.903730587497968 29.652779005072873 30.82275885114986 31.379707233433294 31.13022412187667 30.314872464769547 29.437623567981532 20.12310449423724 19.800638133394184 10.821614385256881 -0.39124288708790156 0.7728170167831755 3.183264865185918 3.429544627139951 5.800651943305471 4.112426072488675 -1.2427795494658689 -6.601514804933717 -0.8554561175919486 2.6700064536173653 1.0260128314033576 -1.0473718132759255 0.600283678791189 -1.752983378888201 -0.5047553075066702 4.024493692941648 0.6763690154588962 4.8072853687927966 13.243944966529785 13.294271530762497 11.437776456478598 10.397957977618194 12.193125692229364 14.996790761172074 15.690079754427886 13.99631937451223 12.171911053974105 10.272274490929693 8.244255796085506 6.433157490231835 2.251644206163026 21.129733899789088 25.93239493870757 26.26825857914745 25.82896854072819 24.579190184864743 23.202857676478622 24.21102490326846 8.563460493453938 -3.399053119221535 -9.849692705111867 -9.881982093590182 -8.232463519911251 -5.041392125617592 -5.589693386627859 -3.7797774728821794 -4.179808512123149 -9.242841845874674 -14.67540792542562 -6.144539257568981 0.27198217953939824 -2.1694836228031047 -5.019612452706936 -2.0942774687122645 -2.1931035693356296 -2.549392510546919 -0.9424229465848079 2.6637289451911377 3.745899272373723 7.980779266493418 11.253316567521265 11.223350314165913 12.127577774957306 11.960222663772608 11.456888214346021 9.440045808577832 10.209691126851071 8.945721115920524 6.775591964026825 4.787626182581836 3.137903665438529 -0.18089677311280106 18.98684207883824 21.520584112274218 20.867734941506495 19.097831040295315 16.217425411873375 11.911384663801762 6.006767149785023 -1.7310937258412507 -18.36413452967043 -15.449702579704294 -17.145966663152212 -17.680932004232456 -16.800003340169066 -17.188897281474325 -14.969789689689787 -11.57398573800367 -14.117335877616132 -16.527651813838393 -13.457145617672168 -9.188647875372563 -11.326194245264892 -12.923447507995983 -10.709829281884906 -6.740891100324953 -12.635757678899605 -6.002674984075134 -0.8258382827694711 2.6162897061181427 7.485450528897627 12.894671233908554 11.039074425409886 12.66883483547516 13.23896345914358 11.13439125496959 9.475148437606912 9.52070722706334 6.487578951555967 3.5505367823156755 1.412051361499232 -0.13034439083753774 -2.6171234926015376 16.611681112400213 16.848201794856692 15.211900541098514 12.102758938261507 7.548170295228783 1.5173108886032252 -6.1669401342702574 -10.387751207783138 -20.484304247316366 -19.98886641273993 -23.784862617074328 -32.50000500622829 -28.40492059567673 -24.6640663564855 -23.98177975583384 -20.25819366247886 -21.386502550980126 -20.113873445231306 -16.61423338347287 -15.116806615418621 -13.829121553977247 -13.6062148531877 -13.852985188663297 -14.913785644969243 -17.238599004781754 -7.801036565155085 -7.168888107765004 0.10716084587697627 8.853398660074864 13.79288327879188 15.659086971719113 13.876979155897777 10.424814372296646 10.534453608374005 10.315916802567035 7.905784497010038 3.328315221420465 0.35117095850623853 -1.8651468342936135 -3.263607813377164 -4.913228281959546 14.140821332213044 12.346281459134433 9.891899843651567 5.762023940362941 0.07054663256458851 -6.930705423677951 -14.842652989857477 -22.364757836697915 -31.13528605189088 -35.01675228175099 -36.116372459118985 -41.70561647639042 -32.65202063018165 -30.93514273096203 -33.6506172470264 -29.48935136866433 -28.263071851255038 -29.247421805033557 -19.896913478401324 -17.63520010854322 -14.53431576729769 -13.786298456317994 -15.197870204055125 -15.875389638667546 -15.528326208886222 -15.64861135371274 -15.771058589574224 -3.5098447283925167 8.506049016786863 15.94586198956801 15.437807604398312 9.095491795814906 6.663574210945292 7.237338192012626 5.891643976698668 1.9986689561302882 -0.7462245490052574 -3.0569587721916003 -5.026403880525957 -6.153914923384351 -6.925354432744241 11.661378987262271 8.19087040009898 5.1218458486701826 0.3165083288641685 -5.987094200650405 -13.447698615499473 -21.547493739458854 -29.705428280460747 -37.42860985818493 -48.20784487080211 -53.44431632977194 -49.086295118157686 -43.90110148616272 -40.743924566324175 -36.80991318572052 -33.5592360545122 -29.595994699778167 -27.72089406999557 -23.13044056194117 -19.082047737958515 -16.607143718092566 -15.838786904473865 -16.85124600137361 -17.02294931889721 -16.883823817555847 -17.206727877361942 -17.299600326099352 -7.877640858102059 0.40058233445232966 6.061762055208254 8.252119534584514 1.6523872279161496 2.3691975877123017 3.8488569851132772 2.2438204131967763 -1.484984264216309 -4.277970966518671 -6.294833623440908 -7.883269745881404 -8.697529274166598 -8.615740803419076 9.259950604850436 4.5578252105487 1.1139883550982337 -3.997187745686313 -10.401093843888162 -17.783318715957552 -25.611508558065285 -33.287361697891356 -40.5170854230524 -46.96441698625965 -49.268916328125805 -48.87816491116026 -46.541177557100625 -42.94857092980725 -38.85778730137922 -35.34205695633123 -31.838479773871715 -28.17935966676788 -24.42685798039032 -20.860951202544182 -18.71814932540214 -17.765888271641842 -17.822507519204315 -17.94113967230959 -17.46208723127314 -15.833752013514347 -13.86248452129282 -9.124286848448373 -0.950873865013733 3.9812965848655013 9.682863673899176 8.341365576252377 1.2645857876404125 1.9493410735245031 -0.10963106737787713 -3.949082785649778 -7.15053607081614 -8.985275129933116 -10.246258294523795 -10.789857896508611 -9.945956380198204 6.97199015306797 1.441514993846963 -2.170569521602012 -7.301515571447646 -13.457202829683464 -20.397307435823663 -27.61413715536167 -34.45538118674069 -40.280570528484446 -44.53905409479645 -46.69936407875558 -46.96242201657907 -45.538557258469034 -43.044695567891516 -39.96549463311837 -36.5692545669586 -33.03058482797009 -29.370117614085558 -25.54151686003398 -22.226708644499134 -19.94429353848965 -18.53675278578749 -18.046546512877924 -17.687770136147208 -16.750725169423955 -14.77133523434573 -14.443752927999663 -12.141498704304501 -2.0689638724701163 -0.7802713413986669 1.0716439080454085 4.068713338563332 0.6008663685507567 2.378841870638022 -2.6258021481094644 -5.927037370832312 -9.302022670305167 -11.02418206526974 -12.026116059085313 -12.365343996766661 -10.922521765878962 4.825944850724051 -1.165097422842387 -4.768325582580093 -9.7120076569936 -15.430721441210089 -21.734219209850966 -28.131212763575398 -34.073220970028416 -38.956207056550646 -42.27810371719519 -43.98279587349664 -44.247772736102455 -43.308144332076765 -41.48888679260449 -38.84915974349681 -35.830336834933874 -32.57746830604508 -29.572578016479387 -25.70973350558808 -22.214355905344153 -19.825027537958913 -18.01857618440503 -16.95184297278466 -16.090829558735454 -14.82693480860021 -12.82282756180316 -11.405798897713622 -9.1670725173118 -4.419609441154627 -2.875989384615808 -1.466263130892588 1.2178329215939656 1.1713358267192537 -0.7725059691665427 -6.309519637389133 -7.530434031013063 -10.293575602862536 -12.292254962535633 -13.122235838459792 -13.347073338283131 -11.542790558007649 2.925947619417275 -3.261847295836552 -6.74642997238851 -11.393260969566182 -16.60602132361687 -22.227537221533968 -27.782868541079004 -32.82361404154762 -36.85396286596426 -39.592529339756794 -41.034182080969146 -41.23377501694992 -40.468985768699135 -38.94871469594899 -36.714091514921705 -34.021558061432344 -31.03620809079854 -28.099725397119144 -24.646643229915977 -21.28206896571567 -18.716818912184774 -16.66099409269684 -15.132657532309826 -13.78480597521598 -12.250291320431955 -10.553996266935389 -8.909343289720153 -7.020647992300585 -4.938341477291545 -4.108610455252579 -3.617739909942023 -0.460735462031771 0.17536410332060212 -2.739497049975063 -7.295727965750219 -9.093744321178365 -11.279277201912022 -12.94648332147847 -13.694010204843023 -13.88600517637996 -11.926042239270034 1.2786629356731198 -4.864687762081141 -8.13574238275449 -12.40117145717549 -17.07637800209969 -22.031330722022606 -26.817070411833228 -31.067968583954265 -34.394747563504616 -36.68769087684455 -37.84560030379886 -37.93993196821089 -37.2416353112369 -35.861680628452525 -33.86635225903517 -31.393416248940287 -28.577914860734538 -25.531976737599784 -22.36031093722662 -19.312566054095438 -16.64614370751922 -14.377864124367935 -12.528627472470506 -10.88754472585913 -9.24174558965098 -7.608497156777582 -6.027869100348064 -4.723036234450891 -3.8505464672391243 -3.7483142382656993 -2.9902248554003474 -2.022273925936944 -2.6833838549016886 -5.05453885455514 -7.110405975271436 -9.925785572989918 -11.760376360854286 -12.968491724999275 -13.73813100171354 -13.974266357041238 -12.063997062065507 0.08325059204431581 -5.835642403083964 -8.853746888453072 -12.726429558739978 -16.905619242306248 -21.281598603497457 -25.435574887392523 -29.081427071156227 -31.910832468746445 -33.82490773768161 -34.72354379207801 -34.74700809772824 -34.05206556865082 -32.72484639333344 -30.850365258566846 -28.533561070309194 -25.878583911881755 -22.994764234936806 -19.992091027926964 -17.060225303800287 -14.38867756709415 -12.022002270570056 -10.00470929120796 -8.231319096255643 -6.59634126953433 -5.112605374398703 -3.7966757094158727 -2.777071250077362 -2.1833170361561955 -1.9595464727185696 -1.8156733283710957 -2.2018107446403063 -3.3801069329181814 -5.1886509586263845 -7.352778488761865 -9.626711997357283 -11.307864900079553 -12.540570806379469 -13.366245643292052 -13.665256811891815 -11.903549933418574 -1.818746055919349 -6.263503557182608 -8.315225246920082 -10.859539118961118 -13.526372051803277 -16.255196230131105 -18.751730048238787 -20.873530302674855 -22.461376886662485 -23.46089256920287 -23.816496632230386 -23.617098977114953 -22.951548044341102 -21.873802223034076 -20.437794232891175 -18.695751513122453 -16.699872038079647 -14.52289647156396 -12.237543800609634 -9.942561626806551 -7.736771399497042 -5.6873046652062245 -3.8613104319625338 -2.309147717549779 -1.0811838048896545 -0.19306038994944144 0.33958872084793096 0.5338413863927749 0.4067689501722593 -0.03149121263796577 -0.7707633923693217 -1.7806250813068443 -3.030494205612771 -4.442068115447602 -5.936465139049748 -7.370799560590624 -8.597116487050197 -9.632553728632908 -10.424491609206704 -10.800031776033638 -9.614579199203229 0.6141268249718344 0.8638960254742186 0.9253484169914814 0.9848979242830261 1.0399753585831937 1.0904386711512801 1.1225777873570826 1.129595722487455 1.1037209075630174 1.05259805222108 0.9838014799159475 0.9232607552251424 0.8969007890385049 0.9258215734614226 1.0311235367143121 1.2484479008883862 1.613437167669223 2.1070243630660253 2.7101419377147007 3.3485397116936304 3.9479678913801353 4.449517043594794 4.794276784348124 4.901055333907699 4.68866254047224 4.162783144110061 3.329103204270189 2.279831154425135 1.107176732966635 -0.11724868650373663 -1.3218368235121774 -2.412510510145822 -3.2951821342199414 -3.951229548387568 -4.361721711360136 -4.569717560638312 -4.614036091932703 -4.566125338433635 -4.438378768283548 -4.241788703670135 -3.1648103997491575 0.7036590817584766 0.953593767875965 1.0077308371421199 1.0547224449134953 1.0932921196441125 1.1186306877563617 1.1122951051513128 1.0552493522316366 0.9274729308379409 0.7369038358524801 0.49139788523798644 0.22529346088489316 -0.027066691298107005 -0.22633026488180627 -0.33308771584225416 -0.270530370006768 0.03818456380594548 0.5740177267876752 1.3178885711461237 2.158414749395404 2.984215066939106 3.7065174460632178 4.236547804279886 4.4501080997854565 4.223019864701144 3.5581440319685536 2.4583947660792616 1.0505345694615977 -0.5386214242870316 -2.2052832439961914 -3.8456000487563022 -5.312814916027814 -6.460119253399755 -7.26512113776892 -7.704929489570213 -7.861581559870458 -7.810227588612199 -7.663180914807032 -7.436808454222786 -7.12187473867384 -5.372871257107004 0.6661659082081439 0.8878949032906335 0.9338399742087886 0.9709768382489118 0.997528809772815 1.0063791050864161 0.9783373357190781 0.8898494847533409 0.7165311718528715 0.4653605590889214 0.14334120437872372 -0.21582745622560637 -0.5784656642429381 -0.8973927612619512 -1.1251985165786798 -1.1635463172225835 -0.9139952893621319 -0.3938067373347539 0.3794906142354822 1.2781237453222882 2.1742284751064833 2.969394112190868 3.5653062666842623 3.828965030798915 3.627115263409673 2.959489588195595 1.8260180388609113 0.35379152716737106 -1.3297517677177975 -3.1114045297494117 -4.87769240471759 -6.4561886925275624 -7.674512008129993 -8.508119053950464 -8.932059620916442 -9.046597014314592 -8.944209510147108 -8.751582865933173 -8.486984785889058 -8.131080206058051 -6.153943722674873 0.5678625349923171 0.7414356546839702 0.7766273936276021 0.7990581346825875 0.8021508658268 0.7763311239849687 0.702578794720696 0.5561333255208233 0.31193579133994725 -0.02343428894648057 -0.44321521206718156 -0.9169807839222713 -1.4141830519625036 -1.8779385668175181 -2.251102240207814 -2.4064603644483666 -2.216633718724486 -1.6975168352105197 -0.8657266282767995 0.12536799912848975 1.1222149727795236 2.0168662501020913 2.701457477021168 3.0436927760340073 2.910639567413495 2.2978983817570375 1.201398149188075 -0.27225024628067984 -2.0160146637869816 -3.911065390213926 -5.838370057039182 -7.579443278542085 -8.915975285677535 -9.817975472147678 -10.255514606256538 -10.34842327879433 -10.208134245887695 -9.977294018541656 -9.676373134635623 -9.277047553405627 -7.046700194754387 0.40055300930925714 0.5111536563670593 0.536170408215844 0.5402416663442461 0.5040917103731636 0.4164995976256585 0.26012366145913046 0.01728056943972597 -0.329858372729413 -0.7727984791594241 -1.3028797663733485 -1.895812712771076 -2.5269026419921574 -3.1290480880405953 -3.6346889859100453 -3.8833394216530115 -3.7142974435929235 -3.144685162887383 -2.192354398407542 -1.0482184648038793 0.09673325657228006 1.1270022309527137 1.9273709632710376 2.383247629498346 2.3797313860577467 1.9086902977125535 0.9625466138301639 -0.4066102232541754 -2.1472510324835894 -4.145534838739418 -6.286116104774525 -8.274749600487876 -9.81756952323146 -10.873642587915086 -11.403659299791608 -11.54215606816247 -11.414789606784879 -11.179526613667859 -10.858722651611304 -10.421928652214543 -7.945764820713171 0.14522852393107932 0.15760317983303485 0.16494958340105548 0.14387635493108414 0.062168329386119846 -0.0949744630303781 -0.3430989714203566 -0.6900265536367595 -1.1435811026956848 -1.6892900862386464 -2.312611901048276 -3.0052022408156347 -3.7585212750008536 -4.493272134689049 -5.129526824929964 -5.485979047979682 -5.3809208540589255 -4.789091934707164 -3.686118932031141 -2.3064638783057116 -0.8858346894783438 0.40421224635841135 1.3937953030564274 1.966707661873859 2.008251359123943 1.6240352123127577 0.9173426585635951 -0.18418124976454633 -1.7532080211356884 -3.7787610264685494 -6.245023803488182 -8.644499928343132 -10.470940897088418 -11.715355761391805 -12.369948799287734 -12.590848921096569 -12.525217758673467 -12.329043521818761 -12.010051254690252 -11.544439054540478 -8.838317688469148 -0.2224621124479189 -0.3642250786308972 -0.3897187951752661 -0.44526915180493565 -0.5687199693948395 -0.7826142508410806 -1.1017182196513486 -1.5265465112168906 -2.056758927898738 -2.664834416945287 -3.3240470651749576 -4.06074120940145 -4.901155476371372 -5.751060715253818 -6.51562172830957 -7.0249301650043465 -7.10657331637297 -6.602141565065253 -5.357509745047318 -3.6504743335430527 -1.7610340696475417 -0.011171894498931996 1.2798180024906909 1.9394862305183127 1.7972518555462844 1.3126616114807257 0.923726380152944 0.3146697541610423 -0.7833318274483875 -2.6720990193681047 -5.620452548012062 -8.65454959411876 -10.81330301427466 -12.218008898026579 -12.978733574707954 -13.28460676202506 -13.330512577251293 -13.231116165298884 -12.946023564273098 -12.469261142274412 -9.593501555298566 -0.7402809663901786 -1.1491781420946783 -1.2467379342882556 -1.361727128697917 -1.5130425212900291 -1.7556528275828305 -2.1132131061208144 -2.5882946955776633 -3.2162919473156353 -3.8305618713526797 -4.326584958120823 -4.864236049890752 -5.637004387882189 -6.469031931329368 -7.333588713384422 -8.08858518888958 -8.3500880999865 -7.816651928592032 -6.5457045545430255 -4.634840527351363 -2.0721749221801593 -0.5074222273692592 1.6589729162963842 2.8764983948697807 1.402877110916018 1.3324013118773232 1.7983620457658394 0.5463281381956657 0.428849388411372 -0.897550176805299 -4.658665186083726 -8.952395022297674 -10.884269607443372 -12.663709351241064 -13.484589012994464 -13.617624989523312 -13.764005115042659 -13.799812923281765 -13.582581828007994 -13.121441014596536 -10.163911785347505 -1.4463745395373762 -2.2925126489849967 -2.5252171690122194 -2.7400331816888523 -2.8952954479236133 -3.1356786674860753 -3.2649416668133973 -3.5519314047705866 -4.7233960340183385 -5.153910999023033 -4.654862472680802 -4.494017227899257 -5.246560196304748 -5.945936109715915 -6.3620464039827604 -7.660405757464451 -9.208871004118448 -8.773860317707584 -7.153698135598807 -5.57494060433749 -0.8057902798202352 -0.9239376012955609 3.962910058543338 4.864837198809354 -1.933156597033689 -0.052923604916422486 2.0589734628125465 2.6709180545614384 2.4013533805235077 2.420452909818238 0.8408946834931467 -8.74647552658453 -10.163706375104958 -11.254535421393841 -12.931397389950922 -13.4980466724858 -13.738166853345085 -13.937790461925541 -13.824214523363466 -13.41495838852033 -10.493669551450429 -2.3208814097239507 -3.7652725885853973 -4.1965007206693645 -4.578526845402429 -4.791058566906962 -5.108985893050502 -5.214783470808952 -5.8333709926705195 -7.4254578367506285 -7.549386482869608 -5.421223607396561 -4.9129746921227735 -5.229625869263848 -6.160322004650902 -6.933114894734001 -8.184256210777336 -9.22853310088223 -9.08390105001207 -6.739276713510023 -3.63092071059535 2.4288670796290934 3.394114365485438 5.9287568727923645 5.182362761875946 -0.23761314034864486 -0.7244797497697502 -1.4357363202766948 3.2516156932759768 1.2294077853471668 6.233921467848065 5.786473641167222 -5.974060405827964 -9.621026327549863 -9.64818753993344 -11.562779747280292 -12.511051357518038 -13.146053941039852 -13.633167593196717 -13.676936215646851 -13.353435468109987 -10.581166408951702 -3.3439732398565587 -5.538654629094897 -6.2321732487930035 -6.875319945665931 -7.275801243835429 -7.57962863000356 -7.592625339068928 -8.98431030482328 -11.151525068263956 -11.818677153196344 -9.462137647783493 -6.911999280135518 -5.242538110758188 -4.012263642433697 -7.0101471467437335 -9.323498583028636 -4.993306426900985 0.5842670691650148 0.06812502132157355 2.2208592743142144 4.746661214707977 5.422284956759406 6.685662289172767 3.3782420704081404 -0.6866564096382244 -1.2738114892869759 -1.573902931348808 2.0397117713987467 2.2619242830620707 7.710457552089864 5.171460270316718 -2.323675602830567 -6.097262126427571 -8.033434417712407 -9.447173547863574 -11.037567772316407 -12.04311077735432 -12.873872719884417 -13.146137348102117 -12.939711846068771 -10.4241890616102 -4.436457794009297 -7.4585799483188975 -8.452034618638468 -9.41947074496446 -10.105107305047694 -10.62417572716221 -10.967008975357277 -11.85534786824747 -14.847463718192248 -17.37553612867219 -15.92719213337338 -9.59510989698526 -4.411389742573076 -2.377973378229594 -3.775828970980568 -3.6759253272004693 -0.2793357913712871 7.356061817758788 6.080542451091213 6.7714903978434995 5.140278014041652 4.521867277280933 6.5702996516158745 4.994152401009134 5.329834739276469 3.7229623620694925 0.4928325900031506 -1.1394283002387497 2.486531299774524 6.019501115993405 7.11436466722736 4.081928451519271 1.0196150792831866 -3.2693673893196094 -6.016120051291303 -8.909034439567465 -10.744851125376957 -11.898432658236308 -12.380197753155786 -12.301147576656588 -10.099182199849349 -5.519156861003688 -9.371110018681922 -10.676111748411834 -12.000185609171009 -13.033642509668553 -13.573514063375898 -12.831811413131515 -14.484096410136715 -16.802994999225767 -14.87696581420793 -11.371833790108564 -5.836141415209555 -1.1593677808234886 0.8189678480068864 1.1397149853545507 1.984579473836678 1.3856783853371628 5.956046861184673 10.10386573464566 11.949862448611624 10.331091098533689 9.420171459638121 8.054682656343825 7.813744677798535 10.527817753638207 9.223970918705788 1.652610591245343 -5.909431430547506 1.1188095172689019 6.385340547974435 5.413229951740324 4.692663087644496 5.333986819671677 -0.6102111060559628 -7.525100447113958 -8.422856871081231 -9.717953312147193 -10.946003190996741 -11.527553795903371 -11.565002330315576 -9.68254946087702 -6.532293831216401 -11.1651948583395 -12.77174543748821 -14.459106257775712 -15.878669842689991 -16.614169976264588 -14.15512620087135 -15.864201091398504 -17.265950837584615 -13.334384675643088 -6.322984072134926 -2.5695938062604045 1.1383552827061139 3.5955789042101407 6.7631431957259665 3.6540784657846395 2.6018417110746026 12.713295133627533 16.19229501041595 17.30819079197104 13.84058526547498 14.192186234165312 12.914353511761906 11.28770065043269 12.537609066487157 10.206629101268806 6.1988471501143385 2.8418985630878595 6.609428376175311 9.494118172609813 5.620129175382167 3.315465331570504 3.640200294032472 -1.3997137373786193 -7.648837860420427 -8.568132474366603 -8.99153042715522 -10.041209352673313 -10.667988233731283 -10.80966148033357 -9.225761441129219 -7.4160882411671265 -12.729799549418178 -14.606319137797584 -16.637880564118024 -18.45821013922299 -19.833912124250624 -20.203077335535202 -22.632484960076713 -18.60811532013631 -12.476596989074535 -6.854891769654862 -8.80884445299964 0.8955546995756339 3.1719549064818424 6.008089076731244 5.669763297079136 11.273042045573439 21.09050930239057 23.341661202101168 21.740913644289098 16.052874083960905 11.253169760227125 8.730571092712589 14.746376060099728 12.101038073891187 9.957224481165087 9.020115770722466 7.241872462322235 8.581616111922399 8.83168272409082 5.052921715038745 2.868331850801486 1.6525213766897486 -1.997171952496894 -4.964315579866603 -7.846374842968419 -8.435661160926209 -9.207645957158698 -9.881344477571194 -10.113566170651838 -8.780281139005803 -8.09276902036903 -13.926394842599187 -16.0135341700075 -18.32194216851641 -20.477766756279713 -22.262882401908847 -23.277887939580662 -24.755359189391434 -20.998168692511502 -12.707531499390685 -10.674805221336626 -15.818837565262895 -8.292322579559663 -3.8896952783485115 -0.0499827644431642 7.931010535612794 14.950261040980163 21.535302706521282 24.028596391379793 27.72544470039431 21.003718237762424 15.970165501814753 12.05141284544777 16.07032085130615 11.612371280106613 7.770422593483746 9.2951812213534 11.684396954901398 12.2360715384288 8.990445917616178 6.506401538093604 5.316441687876428 2.234474654719502 -1.5043200539264032 -4.403207516859347 -6.470817199953012 -7.655218632498322 -8.553729594846402 -9.276917263003186 -9.567683228028152 -8.402214908307641 -8.484511723709595 -14.616401511215278 -16.827345227484592 -19.298105332193987 -21.648197218456684 -23.665796599199748 -24.867910520869362 -25.41632373546525 -23.480002445716078 -18.603299170927038 -27.14953228352383 -24.157344042085448 -10.708735685121393 -9.983955508106453 -4.135004765057094 4.672030417829471 16.14870211270163 21.523164822985155 24.15156061474904 29.67532304515163 25.556613003704665 22.805688102436157 20.130008892473292 17.536496246565807 15.306362800457245 12.264201529120351 15.600033907803901 19.04699467205813 13.390126559816897 5.883838940769339 7.973867903585256 7.164712042582009 3.6509624626328825 1.1345903376100002 -2.599433196635476 -5.062304394084253 -6.907348065677981 -8.189135937663385 -8.96413365565156 -9.262980552260327 -8.147627799802107 -8.59298991159931 -14.80671718026811 -17.055610990645892 -19.585136996524522 -22.019266817743297 -24.16264933450516 -25.43374244303226 -26.16671338812883 -26.066145713864007 -26.794281282270177 -34.06149098640145 -25.636738409966583 -14.847082764699497 -3.3354917281484404 -1.400851479287524 3.087740190948699 14.738854732796556 20.07831298669562 25.0046028050336 26.724880191386248 26.496323643470355 24.32224971389676 21.67783201229276 19.016676222201543 17.4428238600966 17.370107523254042 22.0987609911227 20.558720146990485 14.625327720918044 6.970197661009841 7.12116000114235 5.776727133618297 6.460474790665023 3.378625551414776 -0.654125953056127 -4.480841192895395 -6.868213538329675 -8.181297135973383 -8.966041874517792 -9.222293246017898 -8.029881318569101 -8.41932509521399 -14.503437872239013 -16.70611222294692 -19.202532277048334 -21.64317470237237 -23.876441949086704 -25.406778844504874 -26.445273087549285 -27.06886580535971 -26.863866817411694 -26.62753109379108 -22.428985558587357 -15.698932886800051 -6.7180386404926296 -0.47322413791550855 5.273296301046164 12.266438501931455 17.813801928429417 21.81079261147681 23.77739236633775 24.06892052796124 22.923646118533533 20.738749127448518 18.244482387164105 16.276690017032312 14.98939276820164 15.993831650006891 15.114066218395953 13.758761297410933 7.6512573901605 6.582181545894335 4.194245418562416 5.388997064441593 4.318183934678568 -0.8440278299409774 -5.243840889945769 -7.317033593632424 -8.596549763707412 -9.305449317711373 -9.468152639149032 -8.06198783816117 -8.024686304378088 -13.831254640079756 -15.931200234758649 -18.328367259332595 -20.708181213355125 -22.96283504999306 -24.67980926427961 -25.81952036218719 -26.28144158982 -25.677543343519446 -23.6758408098158 -20.063144315070964 -14.512916822076486 -8.060691232803165 -1.5938721272896688 4.638821259947931 10.31565831285494 14.910811299437416 18.1668446430889 20.309433398020797 20.93504303656767 20.26929366578342 18.524970033533673 16.19370864000051 14.052645637042803 12.08754858979553 10.425335244438319 7.163841954263943 6.491529023872826 1.5927078990566121 3.05868082655206 -1.266645014072787 -1.4826313928397818 2.3381156507870196 -1.5484378622246993 -6.258964572801977 -8.327481460939136 -9.461384796351402 -9.964502965438761 -9.963016545870273 -8.196976769550194 -7.4626516282900885 -12.902224731777228 -14.869099950881003 -17.124694493316394 -19.38496432907047 -21.55993795817369 -23.270310364185804 -24.371960768254613 -24.702625519935278 -23.766121903666882 -21.635858454970464 -18.353592566749963 -13.572556629431787 -8.00044110367541 -2.331673644187447 3.094180952790814 7.888659761054986 11.261954206157322 13.685771620000315 16.438197006915672 17.251066606323782 16.86930292909539 15.55088641793401 13.628219354439725 11.425518183263822 8.957316725210067 6.218843349288265 2.4841316467073535 -1.5422291350843436 -5.562889404264345 -2.0302588020250596 -1.3529927306372096 0.4152903967585801 -1.0737732710392567 -5.086184310962627 -9.633567629286793 -10.440056834572482 -10.80218305506817 -10.922512825340942 -10.665606419866183 -8.383325807884836 -6.854673303284553 -11.920704549185777 -13.754394471465046 -15.860049030065365 -17.97455419193656 -20.01279713414705 -21.619193877761788 -22.590157708105433 -22.70631066670515 -21.738363624032374 -19.855426814638435 -16.870825902167223 -12.716805720384908 -8.102595311351722 -3.2142248387196064 1.4920345431523698 5.585672157662888 8.866314789470387 11.218694823243048 12.894603369470804 13.557444974284213 13.31227853251922 12.259741354239978 10.570225203564435 8.38195505983072 5.744823010153225 2.7931414540999606 -0.28893410358811 -4.7777657763900905 -8.335001375003014 -7.2098850480114995 -7.340218820933529 -8.452178505836198 -8.569144149695777 -10.29348244569831 -12.859031538556454 -12.631623969263458 -12.434324193622318 -12.096452594057297 -11.534487210115126 -8.633519813392393 -6.216498818407396 -10.914095339037372 -12.619883930740073 -14.572652968409084 -16.518353562717778 -18.378335561539934 -19.823337237006776 -20.642146646049955 -20.605302041743712 -19.65738290628233 -17.78166054439633 -15.077122266669278 -11.628611704616368 -7.739905740845687 -3.6182926392381294 0.3464499939913039 3.768261714321896 6.532476551860332 8.505762149293092 9.695219069942514 10.139916384376958 9.852586043350954 8.8638573190403 7.237098386582099 5.0284272273320205 2.317789169098972 -0.8345219798085032 -4.209571116954172 -7.606764942113045 -9.495428424927278 -9.681095806975922 -11.204383802532917 -12.703902881515184 -14.427478698323238 -15.22430879821133 -15.201331508992984 -14.694107812494098 -14.157270658359169 -13.364690841682098 -12.476666857116745 -8.896837856044726 -5.617396682543323 -9.96330911683421 -11.547900015746494 -13.35390925115934 -15.13353543979947 -16.815012340322944 -18.094619355875913 -18.78696868671914 -18.68992175232998 -17.772692515907927 -16.003057056027743 -13.54090769242684 -10.541333312605891 -7.199308753276429 -3.7108436682968873 -0.3850076759287484 2.4697666564510232 4.73860111483247 6.306550772336277 7.198580718941311 7.439043148386674 7.043274485482406 6.02629662411465 4.404416981370238 2.193889328152579 -0.5041580369981247 -3.5964884935835064 -6.772019129378958 -9.672202561964559 -12.010346744325702 -13.8041783091086 -15.35882354199573 -16.348145707352558 -17.02183333775131 -17.35119508101977 -17.148874173037903 -16.369852335271986 -15.37043030286392 -14.233321261360713 -13.092552847131861 -9.000918743321312 -3.6543116307548282 -6.684753659216208 -7.808030241341605 -9.080372094978424 -10.307395290440567 -11.442358264278136 -12.276930404747981 -12.700981371669776 -12.59278285053205 -11.951321717744351 -10.774752150125789 -9.211636626410776 -7.410485933854637 -5.4900397566257215 -3.569038962015537 -1.7951815753413216 -0.3161606947226567 0.7999485212794742 1.485072248223917 1.7505742781699165 1.6078410154979443 1.0535403457473342 0.08433609391241674 -1.329185028523456 -3.2164318396451406 -5.489293529432204 -8.059666006902722 -10.688186396490687 -13.135484296691864 -15.30841912434867 -17.113878901467316 -18.45233066129201 -19.22412414067016 -19.402293766387864 -18.95892408198537 -18.010860788993792 -16.658654350901397 -15.19223236942322 -13.666651994177716 -12.263079084216574 -7.892657228127579)
(UseCyclicTransform "false")
(UseDirectionCosines "true")
