(BSplineTransformSplineOrder 3)
(CompressResultImage "false")
(DefaultPixelValue 0)
(Direction 1 0 0 1)
(FinalBSplineInterpolationOrder 3)
(FixedImageDimension 2)
(FixedInternalImagePixelType "float")
(GridDirection 1 0 0 1)
(GridIndex 0 0)
(GridOrigin -101.917796199479 -134.07853150020026)
(GridSize 36 24)
(GridSpacing 80.84386776620975 82.28019395517605)
(HowToCombineTransforms "Compose")
(Index 0 0)
(InitialTransformParameterFileName "")
(MovingImageDimension 2)
(MovingInternalImagePixelType "float")
(NumberOfParameters 1728)
(Origin 0 0)
(ResampleInterpolator "FinalBSplineInterpolator")
(Resampler "DefaultResampler")
(ResultImageFormat "tif")
(ResultImagePixelType "unsigned short")
(Size 2629 1607)
(Spacing 1 1)
(Transform "RecursiveBSplineTransform")
(TransformParameters 1.3785205383153558 1.5540969068257888 1.4326396772133645 1.2127130544596614 0.8510920023576685 0.33386610908101927 -0.3445366686830495 -1.171813157348487 -2.127299683986784 -3.1817293705925476 -4.287908255834427 -5.3728176911458165 -6.384167287490196 -7.2815445951271975 -8.03175803035163 -8.609757133091337 -8.998570371309578 -9.192419030552719 -9.181920341696157 -8.953549245348542 -8.507014958518585 -7.852305112671404 -7.006330812044767 -5.991727851654047 -4.845603582986568 -3.616481029055416 -2.37081374380479 -1.2059664278233935 -0.18221257585915004 0.6657481119686982 1.3149588434000083 1.751515696632287 1.9947592540377748 2.064071167505938 2.0732582127966053 1.5118969200173957 2.7154308752563074 3.3620691471605078 3.282055538178421 3.111849183061997 2.727381600126448 2.106825238629462 1.2319041721082065 0.1267828672595997 -1.1809055119958767 -2.6555639764659538 -4.232855316729462 -5.807387014929621 -7.311598167933376 -8.704977632612932 -9.94618909695026 -11.0080072495034 -11.832524251967179 -12.316849605947793 -12.424059774317607 -12.172688503177197 -11.57423558937333 -10.642044609656804 -9.410454773431672 -7.934936812102409 -6.274443127179481 -4.486424417498691 -2.668251784119385 -0.9737017347605144 0.5042390750250808 1.7131070753819002 2.6201969755911305 3.2082223887800976 3.511545961916607 3.560748263135965 3.5441526216653463 2.575134241133251 3.208807352186798 4.072751799368613 4.032196126178264 3.91192607994434 3.5504698694474413 2.9240944302637177 2.0153083397543656 0.8705193693110752 -0.4819465853946082 -2.0256764563200753 -3.697807039336459 -5.375155065884275 -6.996927925532116 -8.555025684444235 -10.018254643318812 -11.373392793888613 -12.505823132502977 -13.147868524509128 -13.241575028286322 -12.921535252733031 -12.235238160057163 -11.17325663190692 -9.782219766937406 -8.15854647479553 -6.370790608697278 -4.456280361846708 -2.511170598646863 -0.7009482571169364 0.8734469405200407 2.149953538111992 3.0936707658557157 3.6966689484506063 3.99864057424827 4.030358454116771 4.0021619064643685 2.907820481289504 3.945614260204714 5.152367569364963 5.187643418391226 5.14340559528106 4.793079519268467 4.108266496237043 3.0923751780851068 1.8855689279672865 0.5169730147852827 -1.0901075357537975 -2.8894346652575607 -4.700648000501991 -6.489799663161957 -8.374737472670335 -10.348734966107246 -12.386012000729032 -14.221147623128276 -15.262853518995064 -14.963452597343156 -14.356567585434806 -13.47221611637474 -12.100682689625883 -10.406951274736329 -8.48707270686559 -6.483615596769604 -4.385309287876356 -2.2640048007674456 -0.29030491589969654 1.4269822205141018 2.8007919055175545 3.7712073287852443 4.38022327072646 4.696309114124245 4.7206393624330785 4.675820603960226 3.3991346299913663 4.700529999126956 6.291696364990721 6.428595056308187 6.469442982443395 6.122609251148412 5.230611174639658 3.83847119995338 2.8566865592573265 1.5354265508607827 -0.07989705179827929 -2.143482510712595 -4.0555997806285395 -5.781131833480489 -7.98147692956524 -10.997000556390159 -13.93100005702594 -15.732083331933511 -18.074030288320433 -17.958519074955053 -17.01139721279731 -14.843258498041534 -12.33530417770077 -10.757147400267096 -8.435751155237744 -6.238237658638321 -4.030558786306907 -1.800417810460272 0.2657719824871022 2.0525379915026063 3.505965988862196 4.492345162770871 4.989518368943228 5.273513420169566 5.366874194517372 5.309745394082206 3.8654376831186736 5.457996465923066 7.436744300334747 7.681791447036939 8.103157127035582 7.498237322291381 5.561770471356862 2.311043840332411 3.3206415563016036 2.7215291297991238 0.7246875559106795 -1.3228058236126907 -3.413811397364299 -5.418586512095867 -7.477782293339359 -10.730149557178095 -15.978701238775733 -19.59597191638762 -18.622302294847998 -19.423372865570077 -16.04571838672924 -12.666844753277896 -12.89941089727833 -10.49481671385258 -7.070043880739042 -5.165547264127665 -3.053815724870297 -0.902175265200586 1.0718934794589459 2.8244930164569486 4.387734019301835 5.208269071644473 5.680194477815372 5.971785898072233 5.959095520745233 5.880668898094058 4.2892572508486735 6.165347412430298 8.471582662675145 8.546290393371756 9.429380084992811 5.0392865126093715 1.8918306107337801 0.46046005376256643 4.7663515077114065 4.338589510174201 2.178212731800395 0.310590039224796 -1.2136184635983494 -5.737646176456617 -7.074846038813957 -3.3227498996723517 -8.975700109409244 -18.121401446019195 -15.347869640743232 -16.357921080032344 -13.809703206752967 -12.063417168132132 -13.826037906176381 -3.9188027010642004 0.1616526286505172 -2.198180578994081 -1.6502859966690886 0.33853546301343795 2.1605562691314173 4.458054828598618 5.561323897747644 5.304404025119346 5.924036144785913 6.37790900913982 6.480589765962303 6.3095463074379925 4.613587624032638 6.81320138587649 9.04618852690329 6.705665139773317 6.213040836889476 4.899744358462105 1.590724160250761 -1.8493521965673745 5.83348359911507 4.420883686924952 2.5973223592175207 1.1635392549543855 2.5668969767538496 -5.99375016314565 -9.759591477709272 1.0834191143079084 -1.167043894960718 -10.566369827420194 -10.157146930373687 -11.726838332446592 -12.44145978247911 -11.30919557850288 -12.623568540309604 -5.1417576972999735 3.919952327669421 -1.5326864996412009 -1.6254056011075821 1.9589247343172136 3.7155751892932853 8.790744209919222 7.695464744442162 5.0231389694015265 5.21321599169091 5.808440443879818 6.882914882977353 6.5342056575869325 4.797524579449417 7.384135177517037 9.995124867236154 10.180254114449372 9.871655345011737 9.493450860830974 10.624254595331472 5.8628748863040965 5.998554334027462 5.162210937834701 5.5912880223023675 4.6806746444801055 3.5027076995123085 -0.4132326866957068 -5.602469353062941 -3.6254382279819883 -2.4823363063708213 -6.272941026057499 -5.1289552903832805 -2.8539309843819325 -8.118228976650926 -8.667434860974248 -17.818176480656124 -13.830198812789314 -1.9553512502485073 -2.692282298195729 -0.16214787909548226 4.901212585937895 4.750854768068699 11.530308511908776 8.407603944579957 5.6221902187373995 5.907694470382464 6.456771341234761 6.74472880150657 6.50080258646657 4.824915241117009 7.865345686221596 11.505504274688146 13.675589740278616 15.710879492599672 15.127157999978575 16.23273741055143 11.20826769573402 13.912651929640662 13.06383488555649 11.155827143134681 12.616668523600737 6.389209905579082 4.6334024360380965 3.1982281803639916 0.3267576116899546 -0.08648104222836914 -3.08175000710002 -5.12814398594013 -6.792999592304692 -9.235281127642981 -8.102154781019674 -9.744394082306979 -6.376763724267623 2.5453058337479026 3.473385858621925 3.348544213972865 4.537975478890998 -1.7970099629209209 6.544066163139354 5.120623689156307 3.311815169941 4.7525768608372685 5.9014114436697875 5.9089105602522425 6.183683911174789 4.711063296283287 8.243191757951706 12.25686754392149 13.465704270480423 16.172123889573644 16.223542323333994 15.094593401421557 15.984173757359025 20.56205811795699 19.881848989238254 16.61125331020343 17.7831874691127 13.026229361889708 6.720221215852258 6.386353539065564 3.592761543012384 4.582481637096655 1.9266823252525653 -0.8312668750103487 -4.857754532735228 -9.288534533317415 -8.673464084707952 -7.130968029808669 -4.960816955224794 2.0571531548553468 1.5205705836538332 5.881395040266939 7.374306344837241 -0.8125807819416778 3.6478804350237963 2.609539647817976 2.984990148036744 4.515102365663614 5.068114870356802 5.859999865608004 5.797668002025218 4.465920018712881 8.507177387589474 12.845084427337307 13.964025617910806 15.678475066894967 16.312376157561754 16.290086897062498 18.396724537470046 21.54345060614417 21.889615313161833 21.847338590033655 16.706984589294755 10.682511155646349 4.142940914303976 9.380119296241784 6.574902130938045 4.468072576682723 3.6687105404033553 -0.37356391480621653 -1.3904194525074653 -5.1394138704682595 -8.043514023529262 -10.636086334027443 -6.208958985047627 -1.5280484747551546 0.014155883367131746 6.106557544854485 10.768579656221963 2.4787383224499573 2.559885300799143 2.4524858244395142 2.868673950448645 2.3549701651758217 2.7433152146247384 5.811752116893399 5.284217885835587 4.096562658625226 8.650117629274192 13.169204186825704 13.27315830895838 13.69450755130134 15.72465416308348 16.869134784041638 20.02207620885042 21.109171543125107 23.313184513416637 24.376825325392666 19.01210799738795 13.030644142618506 9.928929834138913 15.608445045781158 10.00897377063199 4.663185843374394 7.820339595757843 5.366974954564458 2.19983701101406 -1.3815481296673875 -3.7169174670676894 -7.285107701396158 -3.2012281665821343 2.184737808050497 0.6401710188780504 0.6347816677138125 5.915048701073641 2.9231198959336857 1.1023642736789188 2.5549813364104987 2.476484087523112 -1.313009308321805 -2.1653765519776895 3.5331538371612052 4.303333544535035 3.6321255912834305 8.671542750363987 13.28092817295585 13.800951323998325 13.89455177559781 16.739328497556485 18.512050225236543 22.33152321188664 25.52340020986593 26.91844634915303 27.08458447339809 21.71043870484518 18.83426472687705 17.833505870784403 17.528389224193404 16.459253088188845 13.053356288109486 14.131886606301919 9.515944224110077 4.545649325237812 2.9120262764739406 -1.1767157021737593 -2.4454107745458593 1.5635540894010043 4.357743376284209 2.9447801131624876 2.7811256200742775 1.2333194158142613 0.4404631105737061 1.6928239169491162 1.4363673330013667 -0.2263668077934789 3.933611274364107 3.9872361606574964 3.400886361682189 3.469325383140378 3.128903516734673 8.56222347376173 13.232403853592603 14.39893417915645 15.832382693306553 18.64075150385061 21.17224242116662 24.658418175316353 28.96907939119579 26.192950464745426 25.43684867314599 23.532323302147187 22.061814533347672 20.59111437170949 19.340329953330304 18.741293387742566 16.82550094364446 17.056831592423254 12.990921566465156 9.782309177423645 9.241995954222896 4.665141681303812 5.214101167014478 8.55766221114161 8.756849399995051 6.026196723906385 1.791121104416242 -2.011272502045759 -3.100724004835366 -2.5204155641513113 -3.8158003806706557 -3.8927658003391357 4.5324945856405865 5.213035788255763 3.5997584395394617 2.874271934909281 2.6257159258840628 8.299922012143494 12.95185454336038 14.15524746895817 15.927865092106762 18.631236161126132 21.313553944494885 24.87905082463246 31.09505074279464 29.593915485295852 24.192227407574784 24.11456670711332 25.733112307752183 24.52037365387913 22.453137574864062 20.646282224957368 20.79850464857341 20.224529055172084 14.182243608409577 11.827088663693775 9.262317520473795 7.0013254182813425 8.565924616732856 7.9264197381824815 8.049977657456576 7.24889233551212 3.364282294016661 0.6358444443435943 -1.5529280956801226 -3.9467008916761137 -5.811269739679865 -8.218839091861486 -8.079176688322976 -2.3755385117835446 2.3361667194565183 2.3127061206157196 2.1440702914129206 7.884597043577733 12.433821512232324 13.655627993524117 15.6534451569765 17.835307370198233 20.61013740197365 24.21261847621574 28.695521225447372 28.91773431172777 26.08287283452979 23.063233699898333 34.39257352387916 32.7997020632254 26.06470589433725 22.693211568789664 22.318374221072308 20.632454757361142 16.76710019903596 16.690624213096942 14.712038607895154 9.785739747562058 8.494744553305008 7.664752439761583 5.882949881339195 4.517275138675886 2.802333960592097 1.051231371954702 -0.3281769632631308 -3.658891561544579 -6.474931729991286 -3.8997919878659197 -0.5063625479666427 -0.3854706442479989 1.66956478846293 1.4982458375169134 1.6959760664039403 7.332140744033789 11.668107216668098 12.85273378701778 14.77713688530136 16.864464338716857 19.335520944147934 21.93713330052914 24.14021746027597 25.347563776528702 25.289861436798763 25.42432531409707 32.45117991893135 33.19787745160714 26.60934475584379 22.825534904213566 23.271100999977865 21.937487483169754 18.534287033304473 18.61293746582499 17.921728441940147 11.510607054182646 11.423191137819606 9.597555303094838 6.0323590327375705 3.9223120399919664 2.1697549817777984 1.0914876582708084 -1.2613604972046852 -3.791126361337544 -7.03156070887634 -6.023475836508794 1.0809960426430316 1.4023718272282832 1.6211567862151344 0.958088763613292 1.3210312744960975 6.668201938802951 10.686822751218514 11.796045900722184 13.589393929998684 15.489430379923025 17.575395444537566 19.64567833771096 21.420685937331896 22.788541230346972 23.901723023731975 24.828224013856143 26.719704231813466 27.814360314458817 24.754357593374923 25.307684580879897 28.800756844929026 24.77808520557958 21.25291524306149 21.887509133630978 22.03030870642229 14.52655609956496 14.533804240872831 5.685755143574676 3.43276564088511 9.85967594270134 5.108663725712677 -0.25209193495989607 0.32005783313900116 -1.6317413681728044 -4.4489077781782065 -4.75870440083958 -0.3083858776259901 1.0604834410595974 0.7823527975995237 0.652352247800314 1.0366908166676667 5.920292829644045 9.548859630631828 10.561274340878093 12.193245168251952 13.899685884268694 15.67685038468695 17.384900912162085 18.93720831454849 20.30137451530732 21.555111871583872 22.65756815479289 23.581370574778195 24.005084509943938 23.803908429923464 24.41840023318869 26.474550526777033 23.085750207546663 23.905552024820558 27.928443451466237 24.522636924326864 14.48913679876909 12.858942825560895 7.237158029519332 -1.222662645087415 5.724556976387576 6.161000008233212 2.5409482252205073 2.291964098362785 -0.48979574318842395 -2.029148230542156 -0.9919354563307861 -0.42939225606199455 0.03212793874109937 0.34709369474588936 0.3960900593828849 0.8009787528099636 5.156579213161654 8.369642732061125 9.278920692898879 10.744335220337014 12.279374295393545 13.866050208860873 15.392221529429383 16.82274633431756 18.13798848918367 19.355676320579043 20.40113010827765 21.223201785273357 21.693577124919727 21.761264626506176 21.537762128960548 21.232655079449813 20.400012906436867 20.7774102568504 21.149956580085227 17.675928362587758 14.394233610315148 12.11472134587416 9.306867955196742 5.168333366049738 5.155406780301153 4.935937118303998 3.3489382905529803 1.8379470278057364 0.3316338742560028 -0.40834161249263823 -0.4098777896920803 -0.3122881387711486 -0.1467608000466259 0.07804848784640017 0.15492463615791732 0.6098263420048514 4.395939544887178 7.183902957733979 7.986808995951816 9.282975921845349 10.651175755138823 12.076941698181567 13.466306519014578 14.808639037656052 16.06674758186987 17.200726242916456 18.164569380613855 18.909441140041146 19.391283181401267 19.59623410534326 19.545996848923693 19.30307076703119 18.848746860114105 18.126731410748203 17.0786739034129 15.539532581517019 13.719280773046117 11.795466545183587 9.890586157177353 8.138677141110438 6.585584902614256 5.096917224485694 3.645218371327801 2.2834728879574944 1.1013897057940973 0.2952751967212085 -0.11209812198280784 -0.251512329882695 -0.2196416710481849 -0.10242712271315836 -0.0190053671354596 0.4489815264702889 3.896620538920305 6.406248709229 7.140338095958211 8.327752229252344 9.590785912890992 10.917096283049759 12.224068583309458 13.508174871492944 14.733042597676887 15.852436509340528 16.82096280789678 17.58539854639596 18.11490723255497 18.39534193289974 18.425809730651213 18.23053968493026 17.803743663987547 17.110325395039375 16.136613689392302 14.863592546782606 13.341457289863762 11.69814619761969 10.01933406292754 8.380853154379803 6.817624431171039 5.307810344679861 3.877025697275076 2.5840577527187683 1.4864423341816693 0.6678650035975039 0.1413694322017105 -0.14188482716599557 -0.23521687949727635 -0.1864867351485612 -0.11270825998140721 0.3450832550289732 2.3281046309919433 3.8983191058171234 4.381769487408339 5.169018857097353 6.027517792078554 6.952953768760238 7.8951373870962245 8.851822238677245 9.798269854463715 10.70208977400511 11.52771028035444 12.231104522960116 12.781087573948264 13.154943548296705 13.33782161397171 13.323008055379757 13.111020133807797 12.710963737196039 12.135127469952216 11.402139302309847 10.527292322646332 9.521066959590925 8.405813978004 7.212430858735618 5.979576036099359 4.755561471550042 3.5904710085292493 2.5459499890389585 1.6566281173082946 0.9338474512308014 0.38700534213565685 0.024181531666193357 -0.17071677095160698 -0.21496851773077152 -0.19285976399994517 0.12435159017571733 0.8283800762079521 0.9183564425229991 0.8896882712479337 0.8518105257419618 0.7935176827145324 0.71407777867086 0.6149893768272816 0.5044823396554358 0.39155104489779696 0.2861355198413796 0.20463082659682352 0.17273512437832847 0.2065779363931002 0.31693146062863414 0.5083373811932091 0.7830444748124655 1.123096888890254 1.486577909075547 1.8433177204854272 2.168174997976645 2.437079849318612 2.62455361590043 2.7190365757049135 2.7208458785843987 2.6365811425010364 2.481191639872408 2.273861884674042 2.042630093966717 1.8067613143741859 1.580014548150087 1.3727479398963687 1.1892930572536293 1.0378843754578784 0.9181853518634123 0.8559923351217772 0.6371831433933867 0.7877685134328342 0.723960748283616 0.6409001887347661 0.5129751558597013 0.35267586301571063 0.16300139579885087 -0.04655918552685789 -0.2645388028456358 -0.4744669967571033 -0.6549784131284275 -0.7818247101911323 -0.8197934969689665 -0.7595050589703807 -0.6194782004720535 -0.4004220348632297 -0.10160820563300232 0.31444166824226466 0.9751445543968743 1.807727208319619 2.5104277829968775 2.980779497019005 3.255889352324573 3.36981971251204 3.4044635218459036 3.389080491381013 3.3075647093082177 3.166546681015027 2.984184315918476 2.775440938606394 2.5559253091725114 2.3374928749165473 2.125344112764963 1.9347412932019914 1.7683036382845938 1.6801015074649368 1.2720287042449248 0.6927238714523506 0.5604508851542234 0.46691527611948497 0.32326274180317316 0.14456794261334 -0.08952519372758885 -0.3664986871917832 -0.6502903865307236 -0.9124299139933152 -1.126670856459302 -1.2655509584461937 -1.288757665298088 -1.206636330893192 -1.0910472553979933 -0.9546068928903403 -0.7996455228292513 -0.5021261246372906 0.31911574378250285 1.5552609217681455 2.558943761229812 3.1259494734583453 3.3734741333600766 3.399657312339322 3.3960891188799804 3.418793666879879 3.405262602516488 3.3405624123257303 3.22382474770415 3.0611119594292604 2.869154622534198 2.6578044561579874 2.4547499946948013 2.2667544471722056 2.0913505295295014 1.996844603223414 1.5164852370637207 0.5745336868091659 0.3801977323467262 0.3187637857021236 0.24211753571964695 0.13219140558768 -0.16737422372748292 -0.6380995928942917 -1.1096306826701565 -1.503136952140432 -1.785092571094487 -1.9221715435915554 -1.8574259091502714 -1.6839014549075741 -1.6742830950233014 -1.8177030198588344 -2.0711411570882703 -2.203463354207793 -1.5423358772403741 0.7371786096668598 2.5584131862513355 3.43888868945345 3.4995730024387157 3.365246575951353 3.3042116888251454 3.4046601219873383 3.5227246639580043 3.6066161110110855 3.6088459962754724 3.5170852732486195 3.3422600921634427 3.0373887298819824 2.900930357474655 2.778232575578525 2.585425277850836 2.4828505688535674 1.8923814266394405 0.45515000046413073 0.2232900521580673 0.23583857260471275 0.32072851432751287 0.351768921264637 -0.14120950925019923 -1.148055794365752 -1.986742835808853 -2.054059582564196 -2.4730605886593735 -2.999337141080575 -1.6813768576290633 -0.9655462348113795 -2.266390978971128 -3.0084422776686117 -3.8245553515060946 -3.6390013455880474 -4.657828126722375 -1.819254910712193 3.120867300367212 5.8186921794616895 2.539067837284774 2.9184009353957814 2.879621342838535 3.131894130259522 3.4536415683984623 3.7814757681273283 3.9941536058017104 4.03433133205397 3.8817660745403395 3.566934697373634 3.4540339361463936 3.388014491980819 3.120255412202837 3.007040780914873 2.298245488484979 0.3387596009449854 0.0534842465422728 0.2356456643009161 1.216687781329029 2.8392592243365633 1.3095276803135885 -1.741399189872668 -2.3017645901366124 -2.0263453402543816 -3.211117574059489 -5.420316713381966 -3.042762156107308 -0.9398907335344663 -1.6607061341514942 -2.7634942025871583 -6.841590114983008 -4.213155412291523 -0.6022257145152399 0.5395506610264786 1.919597639475101 3.4724378470280834 1.6845860590501838 2.2912327423098198 1.4792491637274578 2.257810534195204 2.9435308613997893 3.7328597635443166 4.384374664909327 4.74329053336775 4.565202784728082 4.141399230867278 3.9724683649276145 3.891600237870564 3.656858897737317 3.5605587308103415 2.730397995401286 0.25358281997126675 -0.17074321290952715 -0.1686620649496595 2.867230856012748 7.334220383166417 3.6451831607435046 -4.599035720903972 -0.7466303181830221 -1.89840271471044 -4.058164258666176 -6.925141428745151 -8.33020537025283 -6.678793831352712 -3.906655899400891 0.44761106156179664 -3.035336597496636 -1.588318515270361 0.18827137125818097 0.6086296585948541 1.818574973449202 0.8589792348633807 1.2062669923197546 -0.290835512595545 -4.0912138410673276 -0.09769362550948378 2.1693097039534432 3.5487072431985633 4.858487067687283 6.44542430412063 4.882244786932104 2.3268142451119878 3.734370533475109 4.405255116494369 4.192243242320521 4.135794088765382 3.1680672440857727 0.2598412838634002 -0.9732356217419558 -5.125649050096664 -4.787458186450772 -1.651333169780988 -5.355590282765713 -9.381272619971421 -0.6305151377889665 0.517702555084975 -4.3569911285695255 -9.52393897799293 -15.865694535110977 -16.279150710088775 -7.90890653256528 5.600393154359361 3.480803822548805 8.313524933447132 2.55367220602131 1.2347417321309926 0.2506757943697543 0.7564068167089678 -4.894212809108735 -5.435223591842724 -5.557254751105135 2.2816471471432638 3.187111042971152 3.1978035599545747 5.402537469696606 11.602619021730549 8.517614368617918 2.481751800221233 4.902660822607405 6.024224159554365 4.935053545921351 4.787754046697683 3.6132138749723772 0.370715278030862 -1.0269682126392026 -4.136425790780113 -4.188343435247397 -3.658849754953057 -7.488701982147837 -7.533168203978631 -4.160405778397084 -1.1541839761554609 -2.952695079304746 -7.5301900527347385 -12.853115312448187 -12.36787295203698 -6.194192029203048 -0.658494510314999 -1.2497214817507891 3.016386473614137 1.8252516184553595 11.751737093587916 5.230275749558089 5.270347072863389 -4.6232361570306395 -6.328426352187805 -0.7653815112586578 0.8720682819136595 3.9969316437487485 4.2765370146881345 3.617017196810297 9.699820318226744 8.625060099842228 6.198026005324087 6.748015845106947 6.524267881245996 5.7837161836167965 5.492952885474453 4.055724066771838 0.5589192279803863 -0.41328439989861554 -0.2580653505693147 1.188982596846115 -1.87564481278052 -6.900207765103113 -6.933235288769958 -5.113595427013924 -2.453147763698209 -3.8080941409363063 -8.97177297659483 -8.379664023662867 -5.411151293929992 -7.011874346704356 -6.223737889382556 -2.877079299630803 -2.043444373759444 3.8604619883712323 7.08719570163226 3.396731306571168 2.3318377074786185 -1.8825761902834497 -1.625674021746932 -5.683566347958334 -2.158309768320983 0.7894771110962131 5.502463446065928 4.19937032096148 7.604741263723212 7.608378486086253 7.173648734736581 7.952926571890726 8.083545046991224 7.157291377618592 6.250189291392001 4.483287278670081 0.7983751264247533 0.1287564754356288 1.033911497550257 -0.556859843596461 -2.1809567198421607 1.4658897256140968 -1.8948617440791697 -3.157844509757766 -3.5317810555698395 -6.168330424694379 -9.355352341000218 -3.138127915100744 -5.492900452058543 -10.112131354088547 -9.05712189475444 -4.251489929735268 -4.370618070056704 -2.1117134432982807 -1.0376439567270235 0.6054999817020771 3.4905764477182224 -0.41867195999164786 -0.6825400951217807 -3.429381527801051 0.6085369433249219 4.84119987777727 5.365055163383044 6.387559158825314 5.823952543927256 7.013337899072265 7.685229115895855 8.85023343661102 9.440734519413217 9.530820628422948 7.121724964633006 4.870785896460535 1.0502676806508642 0.5800742490345618 0.23768602207909703 -1.6206833069921334 0.9197687395042098 3.774440309848692 -0.10737309337334178 -3.416616854373546 -5.893610651297031 -4.62876227916147 -4.762092787642256 -4.310194485933839 -9.467052849786178 -12.086205237526073 -10.826405771604746 -6.048607368248573 -5.362701224682504 -6.097320741515644 -7.147088871392166 -3.5215212199245745 0.26222664589483974 -1.3948610294188533 0.3970350692008286 1.6873661672746427 5.033424608903104 5.632915123405376 4.749933434002218 3.8988498091183965 6.110885135434455 8.11862939195152 8.817268803451185 8.097303199918679 5.331052700051342 8.929067419870709 7.56402355118915 5.170355862604163 1.2924332662400793 1.1832079267171551 1.442635786313878 2.49306814474204 2.2672455968026126 0.21605392197572626 -2.083833604017328 -3.700487458082074 -2.599931926706439 1.105905520319647 -2.438468904095263 -6.131923370505816 -11.687818984318522 -13.362457713145872 -10.076005145912948 -8.711007785818357 -6.2954932405056265 -5.121565046264188 -3.841542731382756 -4.1973119806327155 -5.383549145672237 -2.495998397588491 -0.987560669704674 -1.4739939772240573 0.9219428416623349 -0.13837465921106062 3.574881206079239 6.165342504268842 7.07713507264778 7.887852031210805 7.999030222124062 7.108731908347066 4.849554918152598 7.046935054182086 7.33993075382257 5.369561527908702 1.518360279636152 1.6064287600586757 1.9764076219970124 4.827200424788292 4.761213461608942 0.6006386195182457 -0.6456699491516299 -3.361474618577523 -0.5921036444761931 -1.2824886481488145 -3.3503514920220505 -4.847881831704268 -5.037983352287572 -7.4364952697889635 -6.767657534719136 -7.16748276899266 -7.083933042249537 -5.3462074331894645 -2.0937918211983333 -0.11921396166612783 -1.285702604135091 -5.507859839724644 -4.64731175295156 -4.114602236089274 -2.001985067776262 -0.34786854565945036 3.6963511269636236 6.043864094443944 7.410119460856575 8.667501838520973 9.248316133846677 8.869635139347016 3.0003857400643614 6.544801712272816 7.21111625213439 5.494579356667781 1.7112887606531817 1.865501101819539 1.8743907657562435 1.9160266939180366 2.2463201830036725 1.8263610446531122 0.30639688123233966 -1.8758032112398242 -0.2894938539828275 0.2485115314877913 -1.959616339042066 -3.1013340827516185 -2.520041523411512 -3.5357309424078776 -4.817855045872542 -5.4974077965614505 -5.479890968976255 -5.8914911816193944 -4.2436119229310805 -3.2790645642791603 -3.1012641287397895 -4.135931165802417 -6.3929716781344785 -5.184841289331079 -4.346662281093405 -1.0642539478903166 1.2961099641112577 4.5587764339988945 6.906858944537144 8.238350087000885 9.44143343230703 11.707447980500431 3.5894692289966548 6.468845421309949 7.1480739365527945 5.537879177686722 1.8444485603796574 2.030858333987778 1.9548361349122925 1.4346550860335587 0.9921192815334522 1.3695659055052416 0.992604095491544 1.3582864171790947 2.1321719293624617 3.1649393793651375 2.031417911537644 -1.7570184503243496 -4.290979107847798 -1.367917403677359 -2.055358449192302 -5.7503052184566235 -5.476862324148775 -6.062989681847427 -6.244610923520414 -9.696197722539297 -6.858219996813318 -4.332818858674054 -6.171235452287201 -6.844528946238712 -9.592621539169663 -2.2624065187119933 0.31549125662837346 1.374418451865781 4.051619548677224 6.333378469334855 8.477826496548813 12.833534805646034 9.881931038603849 7.548599594147942 7.225827648690969 5.45873396237838 1.9057783381269544 2.121597137726858 2.0212576676784653 1.806570303732195 1.431789116746513 1.116826611372081 0.7935676785947113 1.2596001883586712 1.9000155831729149 1.2111879870976288 8.20962016782186 1.2516779476560695 0.7060272617575052 -0.4612340199298612 -1.890615900238379 -5.683225429762557 -7.894169505293959 -7.4727652972812315 -6.5547008678219 -6.876816794930927 -7.397943885537896 -7.940674076748488 -7.6305511100631795 -6.130493672287741 -4.616635540399269 0.3670930626261587 3.652789929874908 2.8527471572115046 1.8427059492122313 2.895494365068932 6.3927466661403205 7.828120709353936 6.375078301703963 6.354583654292278 6.804517075329249 5.241126770977927 1.8928296745567383 2.1372375765029132 2.029899913218535 1.8622951057387127 1.5962241937959616 1.2210855738838238 0.8118652538846682 0.5410151523157872 0.5389976321239391 1.4666490415259001 4.001520675297194 2.660517018899284 3.5664487709869395 0.8800534580804433 -0.4538045693431389 -4.721312223830787 -5.632892086195346 -6.000637174463967 -8.93357180881426 -7.3808708712495825 -4.791748529386123 -5.658035846410285 -4.775200700317472 -3.8560220424687635 -1.1513491943947574 3.4378504456009544 2.68266042416593 2.548414317710344 2.3007010831837706 1.7432796856707362 4.3804979960063735 3.3068670916732943 4.416862038646087 5.70550599078766 6.340277058866789 4.914773111208127 1.812880057849349 2.085757410886675 1.9916131549575666 1.8401157355154472 1.585494429339936 1.2139864985385072 0.7524050214660123 0.2603047980020678 -0.3101356773460559 -0.6525807835057847 -0.7324003233888987 0.1857050973177274 0.21030678452530044 1.346595101667043 0.6164420085276627 -10.771700774001271 -7.566608322754781 -7.814236236287561 -12.353135036124366 -13.228226083556091 -5.863479447208537 -2.7038601031845695 1.509707816096 0.40778037817672064 -0.3281405496262277 5.6771518265308405 4.919545481881643 3.028071120146756 3.484595670954385 2.4290901940402234 4.221184454334409 4.36964081233387 4.561905715065919 5.540056133452278 5.82723336638741 4.513595361785021 1.6832151882442272 1.9707402789408865 1.8925420842083833 1.7604220453016448 1.5229433167464186 1.1667895969566475 0.6951466612325655 0.14238054346597775 -0.46290635643682715 -1.0255917062351356 -1.4525314582152564 -1.6016134685740928 -1.8309171799133077 -2.1921571399168798 -4.801817391561902 -11.789063003479747 -8.16921353611864 -7.675108534113152 -16.42392229495351 -10.438308407991006 -4.206740131157253 -5.1452057517622265 6.518959317752135 5.275504971360651 -0.6707357652707514 2.5303342876883588 4.552015088485776 3.8852639766338073 4.1660723962198905 2.7023164961020796 2.6096456129900543 1.9417434101798885 3.963621488966872 4.968438583435507 5.209262598758253 4.037173533774998 1.528110548906545 1.8155825124281264 1.7493835467884562 1.6327651575026292 1.4129812852309722 1.0785270672018568 0.6249169241424002 0.07138708718545896 -0.5566451852321554 -1.21555317066862 -1.8595192787074353 -2.3616368667037073 -2.838853714825992 -3.8019629872250604 -5.054474553633912 -6.401374487727306 -6.809292155673585 -8.268102025743957 -11.846081346913055 -7.779324019886254 -5.713342128404585 -5.873490219586912 0.8007510577260881 1.7248450125824453 -0.46767413588210827 0.4325184713447442 1.763739319290064 2.2358392227748487 2.4906158492391506 2.4588121553812234 2.649348479604955 3.0779482510212435 4.035963106311027 4.498464123310537 4.63534525928068 3.5357085773205053 1.356743134088655 1.6343886927224152 1.5782094061033338 1.474143283662588 1.2698783311784632 0.9550281767759187 0.5227889672676359 -0.013836916230379265 -0.639864276112926 -1.3342767062882717 -2.06538730410906 -2.770296437387682 -3.4634799317069778 -4.252729523471542 -5.1043488880508034 -5.850518533657994 -6.415564533701849 -6.794687179536461 -6.906269082698594 -6.514253670216904 -5.651657579722376 -4.491698577790665 -3.128157484985814 -1.87344715923955 -0.8367411653935041 0.14355168416938335 1.0908331452623807 1.8216043825369836 2.3479123237684294 2.7677643455912193 3.138412205101821 3.522480725221616 3.8952038269555302 4.039515023575964 4.065535756442416 3.0334548328934634 1.2430424194434335 1.5136260319285606 1.4631073875215128 1.3652395946475384 1.1677240536079605 0.8603472820609118 0.43557269641329627 -0.0953727622996164 -0.719213277359811 -1.417998965453858 -2.1633289631363426 -2.9086321054952977 -3.632163460166387 -4.343095733100092 -5.009673283816982 -5.560467343126455 -5.95193004398565 -6.16455819143996 -6.151069029497052 -5.817504157152076 -5.161668762760317 -4.252764160937571 -3.1822340153075044 -2.1128504826129197 -1.101866366574178 -0.1006814555921793 0.8624680884901416 1.6944138515899203 2.365054725930797 2.8919009729782608 3.285894189161849 3.5650784841963477 3.7390329297383866 3.734894482678773 3.6963240067017615 2.706728856496935 0.8092438184387274 1.0107949489720385 0.9769457455702311 0.9037788234857268 0.7498298409137604 0.5068288766936474 0.16876577369085655 -0.25617308222062696 -0.7565773791130598 -1.3164393678365307 -1.909905612880073 -2.497977614757869 -3.0491491251706573 -3.5341377600819204 -3.9302999641277654 -4.221789805171605 -4.394126101458172 -4.434083106979336 -4.3355976124486 -4.098961543117508 -3.728787540910724 -3.233956961751185 -2.62972679423972 -1.9363216303776454 -1.1836263741371489 -0.4126072914091664 0.3358854964314326 1.0143526546474757 1.5894558507171868 2.0379498485743732 2.3444364100559056 2.4923966092049366 2.5068920022293817 2.41560329069058 2.3437793373509246 1.6502332220742528)
(UseCyclicTransform "false")
(UseDirectionCosines "true")
