(BSplineTransformSplineOrder 3)
(CompressResultImage "false")
(DefaultPixelValue 0)
(Direction 1 0 0 1)
(FinalBSplineInterpolationOrder 3)
(FixedImageDimension 2)
(FixedInternalImagePixelType "float")
(GridDirection 1 0 0 1)
(GridIndex 0 0)
(GridOrigin -105.96231064059226 -117.72540803589753)
(GridSize 37 30)
(GridSpacing 80.13711556087252 80.2236667657187)
(HowToCombineTransforms "Compose")
(Index 0 0)
(InitialTransformParameterFileName "")
(MovingImageDimension 2)
(MovingInternalImagePixelType "float")
(NumberOfParameters 2220)
(Origin 0 0)
(ResampleInterpolator "FinalBSplineInterpolator")
(Resampler "DefaultResampler")
(ResultImageFormat "tif")
(ResultImagePixelType "unsigned short")
(Size 2676 2096)
(Spacing 1 1)
(Transform "RecursiveBSplineTransform")
(TransformParameters 0.1328943418355937 0.1429399921530118 0.13360331381256094 0.11062637701033774 0.07086922977467008 0.01946079159167793 -0.03919652494909586 -0.10310902406108197 -0.17031120645948203 -0.2442929609255603 -0.32850977633806827 -0.4113373396682472 -0.4811220649490021 -0.5408679309677864 -0.5936787693565402 -0.6380327047433438 -0.6724197399878248 -0.693600456573248 -0.6983313000436109 -0.6878701499099289 -0.6634905796067523 -0.6258798847765823 -0.5757220600194051 -0.5120263109794762 -0.43379175304745654 -0.34656260211309914 -0.2558876065640628 -0.16856816808361882 -0.09139549707992468 -0.02610861317965664 0.025545612740875752 0.06324836920928252 0.08655022049543404 0.09835353441409109 0.09955819631267579 0.09401514449738854 0.05778845583587045 0.21941474265280253 0.3057650155090088 0.34929742145506076 0.36536853891502763 0.30511991043046693 0.16349027859737655 -0.05587026381715704 -0.2903475470256343 -0.4774101881296549 -0.5931318096002995 -0.6239241685063431 -0.6475907664133437 -0.7407501249894349 -0.8589140804557094 -0.9576398593280071 -1.0325879899878585 -1.079231362083101 -1.1072848673454188 -1.1262845843979783 -1.1279465965013815 -1.1040872168439808 -1.0529285929518444 -0.9723881798875647 -0.8711630810849199 -0.758027847479312 -0.6259492213623529 -0.46923110229155884 -0.3079643239966507 -0.1610915355030406 -0.03790253300358767 0.05193471606369121 0.11274232760875928 0.1488457085469829 0.16611968313393166 0.16712512403723165 0.15765028240201856 0.09696958000132776 0.24578540120120046 0.3828587929443854 0.4073275631488082 0.5953092815368753 0.905284368366803 -0.1677526755897645 -0.6047434004516747 -0.6057903535938236 -0.7580415262884926 -0.9025505166398756 -0.9060619582195686 -0.8085495564386879 -0.8926766132455354 -1.0108634350021997 -1.113601243566237 -1.191048762106551 -1.216291940485371 -1.2180548105499227 -1.226695683716982 -1.230234227002828 -1.2153078999446236 -1.1739005446932542 -1.097961276937679 -0.9972656146067873 -0.8741280423224974 -0.7270257401845768 -0.54649733513789 -0.35233332124181804 -0.17852287246324228 -0.03631609438081853 0.06280411206098638 0.12679176802202088 0.16411864591577943 0.18141851052744767 0.18177271113853308 0.17117509302092845 0.10511388417245943 0.27745889908762716 0.5763416291607597 0.6328578879838186 0.19521773719023738 2.227231518720955 -3.4913291566526032 -2.482408126240512 0.038671021497617905 -0.820840016517716 -0.9177083071623505 -1.5565966710205656 -1.1567485146860759 -1.647428288123994 -1.4966657316838259 -1.7217023578277322 -1.91623576213179 -1.6111243053328004 -1.3452615178783458 -1.3218347209475276 -1.3269876229093895 -1.360801215807814 -1.398736745039831 -1.4146886050775103 -1.3750480178458944 -1.2311306993804232 -1.0045887854206994 -0.7454300991672358 -0.4547102136395373 -0.2114445514634288 -0.044974241148867035 0.06480827567285372 0.13590344741397098 0.17835585233089915 0.19895982740841894 0.1996796553083239 0.18772983928386777 0.11495361869785634 0.2952015266911257 0.7559695303984252 1.1224465523345093 0.35370759711512284 3.0154564701196223 -3.9359865975777097 -3.4056563223415486 -4.276688530166394 -8.003018219240294 -8.4590672332356 -2.5382188292994257 -0.10227396402272045 -0.5554848798809134 -0.3766262172914892 -2.936218209357297 -4.6299026681322575 -3.0751894591787794 -1.2798241660153804 -1.190974416850112 -1.0242976666020105 -1.2492984573541976 -1.6914343415306572 -2.415924422812067 -5.6259648419792985 -3.3829722529560478 -2.742761427363458 -3.743407433601057 -1.227478127524882 -0.15579228346574167 -0.07799854734036729 0.026907398329112348 0.13056717922704908 0.18103617271334085 0.20609406458140178 0.2077231937427648 0.19491131369814677 0.1187651896437898 0.288129494003115 0.6595025895483243 0.7823936351833694 1.3491222604428286 2.957498248477614 -2.148258868598399 -8.97382533165198 -10.047914738085698 -12.227244985750714 -9.70508274769335 -1.1178494535637538 -1.2438191140122956 -3.301957767803728 -0.7880998831936147 -1.7585706656323798 -2.5949944386456814 -2.6461359549899512 -1.0538964121306944 -0.2667423680947371 1.210975820474589 -0.73231766424838 -2.2479404139441295 0.73800443775561 -11.338160008522605 -8.428207445400322 -9.176636609696349 -12.662056923612491 1.0002933991803378 1.1405503114805382 -0.5777642990286056 -0.5958491731857049 0.07821657206775162 0.17763176515563744 0.20284264811327402 0.20384185022514703 0.19051117416263916 0.11502420637343352 0.2629380021776755 0.5050450523037909 0.8768797581893205 4.045341260378519 6.900737266080049 5.629124710795133 -4.673071559303228 -3.096418316545551 -5.620846848861175 -1.8026976024787054 0.14937571030917116 -4.0868488150081514 -6.672836217697287 -1.6306100013550568 -2.5398770418371197 -3.521977649777784 -2.1946765573608804 -1.6190695869005902 -0.7981296322969288 -0.67986561129733 -2.416047441530743 -5.159599753384328 -7.562400184336947 -7.039932709643054 -3.1595052924895173 -0.6435492040122993 9.561022249731058 12.379777155337024 1.8693943848333319 -0.5890107718960221 -0.5497317016283485 0.08915037572691151 0.16732939284440226 0.18612502451789406 0.18463642655612317 0.1715314132718768 0.10193659227820893 0.26706275280762776 -0.00876118447898961 -0.16438975445893492 -0.15015749257875216 4.41714371594976 5.853306461365425 2.164402102840697 2.0175897705727306 0.7330553466573814 1.4028842744409316 2.099935359031316 -1.4952748316365378 -11.83248754049909 -2.8947599489585096 -2.5556570574757966 -4.054792643854992 -1.4581078046984959 -1.1070139593891704 -0.803618396653225 -5.066998003962418 -4.163358205935559 -7.727572325076072 -15.792918902567507 -10.850114529735325 -8.258081788242533 0.7392798674647393 18.73953256296963 10.132722052492328 0.9308092862417118 0.1650355490913712 0.11167014115610674 0.14122004684934633 0.14884418678087483 0.15527242650188577 0.15018627850874502 0.1383441862772269 0.07990619288197089 0.29694325425627954 0.1735231126450234 0.7282887467559941 2.3100467810057492 7.725343005200584 4.395632672641547 0.8372675739085021 1.3903666704530047 1.7051350219930248 1.1498911032447043 1.244354881628502 1.9223958679125859 -11.245010122936932 -8.968031320955136 -0.11472633933991584 1.4685391818581046 0.5033816651035908 -0.7504246195196124 -2.114281152202825 -5.217080400769408 -5.459267350360762 -7.682894621898513 1.1303574806262782 4.182951619557168 -9.313858842581496 -6.081414832118203 11.199025957385757 3.399869256730635 0.5484673437727865 0.21964654117940213 0.13806675185872475 0.1242967633553311 0.11457364106217602 0.10763170043114195 0.09944933932276637 0.09025604473110788 0.0486845120253266 0.2680534564378413 0.3481795871587573 -0.2838622120372219 4.743748737113007 14.060415165786452 8.907215264122808 1.5438574829198424 0.8236888639878638 3.9183216241713086 5.504005088455624 1.1151112980740499 -6.07656429402792 -7.328564392553061 -8.355873289746661 1.6381890814537212 3.405098586499944 0.7416053590886911 -0.835162012130767 -2.459917568350034 -2.42087542750076 -3.1739904137246984 -5.542355126905528 24.031464128625675 3.575919512784604 -12.7198958078707 -0.8832318088263209 16.17427683371074 2.4355988160083717 0.3561604725443839 0.1330996297104812 0.07954810432264932 0.06665147411272541 0.051146171949101905 0.03783210712824413 0.03034579803422107 0.02591312566799902 0.007660422645992414 0.15489072037850504 -1.0254893261377305 -2.8478097770576305 5.211369855607944 5.458892780247752 -1.1352771693387795 -2.028157571898387 -4.687464542968617 1.8523567432755565 5.717680660579426 -3.6875043466313406 -13.821579366643258 -3.10633857280253 -0.9161497199435282 3.904296197989842 4.337102006909611 1.2775908922844121 -0.6633559524959167 -2.1313342157569695 -2.1203032799114694 -7.097852334216529 -11.479054426299625 12.072065114901902 -5.671103804938565 -16.80019365253505 -10.185668024189905 5.859398878208479 0.9786456253594733 0.16303707878545678 0.014710338048743036 -0.02200738647120942 -0.03134070591443384 -0.044026634934511505 -0.054720912781292735 -0.05670734858764101 -0.05400818103129004 -0.0425112410435418 0.06028765414486857 -2.271544988095657 -5.366130842702918 4.080208212886398 6.336215448301353 1.571899083842762 -0.055579525006362394 -1.4069657117525738 0.7121510619813806 5.745362914229456 0.32487730898535344 0.140860254193412 3.361158900899665 0.952160107844939 1.5802820940415647 1.7039233260151967 0.8286282848364916 -0.8229904730905389 -2.2754017845565406 -4.4872646751597625 -7.385752851720887 -16.604086332820515 -6.713671574800243 -10.877755707755384 -10.153587956287518 -3.1887148111338224 1.7442755255675928 0.23745338532203286 -0.05133770047545015 -0.13481913211120278 -0.15735736593215668 -0.1608718990688594 -0.16511706343821925 -0.16657079717973 -0.1588866505313217 -0.14680102134608722 -0.09992141105844507 -0.07364464690698151 0.3163470347598088 4.33926922627845 5.600924214937579 9.282432219280222 -4.80780619009699 -0.7680408813175205 3.772184503371987 4.094953456490072 4.336342979121274 2.610625959962584 3.80171949002113 1.437250769591732 1.4292227101825616 -0.598323976513758 -1.0876110260798726 -0.2140060746115954 -0.595521798559168 -1.9585462156405693 -4.434561735717018 -4.804803722653165 -5.714497632134608 -11.814144518314796 -22.055234904899173 -17.157754362294863 -1.4663883617482758 0.2183496950729951 -0.205766893233145 -0.2649772968602777 -0.3158889952786419 -0.32692190445389807 -0.31992412193000186 -0.3092608794785918 -0.2954157622701114 -0.2740858981440246 -0.2501911466991415 -0.16292553948900498 -0.569297195576196 -0.29184165652706373 4.489324781326364 1.0488669482886857 2.9259787079863 -0.7486239675917361 -0.8797294432646143 8.111024064697244 9.5379757468422 4.514670126740082 2.558255208991997 0.9480284419259418 0.04524164535621614 1.9952895306563019 0.5481313643781706 -1.3512227642957249 -2.0876087898524442 -0.1456133622506252 -0.7439794882595737 -5.168496452168141 -6.726252837549763 -2.647940797496337 -5.817763121048147 -16.528401449197094 -12.053290933490558 -0.46440361774490774 -0.029943339379538896 -0.3387870052427851 -0.47583325647149316 -0.5335358657382764 -0.5367095244500215 -0.5102366280444824 -0.475667747585583 -0.4392880139644413 -0.3999796875026763 -0.3617659123127879 -0.22980975435851528 -1.335074065786258 -3.666280879240743 -2.600346506216461 -1.0393723009597398 0.31502297313006233 3.077702915521122 0.3344406086050567 3.229592070200515 14.951470529929027 9.006085309967705 1.6958329168188464 -1.9213685756507144 -2.6472496472021203 1.0974048146464086 -0.9125516324688897 -2.4295602684709787 -5.0856145800820105 1.3301225025841508 0.20117492984676313 -11.724077869908 -6.586860652382151 -2.197022138952185 3.367181281444434 10.389839729260485 7.567123185665573 1.7070666559751453 0.4177732878459577 -0.4373664853243269 -0.7748225088094047 -0.8134828344407549 -0.7919615876567181 -0.7270971244655926 -0.6585885048295739 -0.5947954941980017 -0.5338585852577806 -0.4790760255694711 -0.2989568664869749 -1.8835878565147766 -6.323254012219834 -8.400359611435558 -7.7027621016689825 -6.000387918072244 -1.0741675522993124 1.1229495275201073 4.074919736717122 13.130130925426066 10.234370513050282 2.9432917456377217 0.2937438951407487 0.04138357133182376 1.1832507531829326 1.0713024501775295 3.0477112979062033 -0.32079175192453696 0.7015044355941455 2.992571727818009 -5.09787101917146 -1.094826017618945 2.434357382747602 8.208320144885159 17.830665381492185 18.04632355152239 2.8926038112106975 0.17781920465265025 -1.0078781493146372 -1.3723038963029335 -1.224842274772412 -1.1011226680370656 -0.957707788080327 -0.8437857715584575 -0.7551187977036999 -0.6723160623145051 -0.5995800527893 -0.36878718266340527 -1.9037574072926418 -6.078312447605746 -7.296400595780018 -10.637689811669263 -5.4247087813210735 -0.4516668947574515 3.4011636078652696 3.756044874906051 4.665752612950317 4.272662230084471 1.9293337535992534 0.5015564319373331 3.863586615526285 4.933890235118113 8.38040654740524 10.721855494652036 0.5851482153019549 0.19161984725185324 5.984768657831651 3.2574687381705596 0.05905672018380961 3.358866362499965 6.713286534557844 11.535223705799401 10.36089918613819 -1.6570266210442588 -0.5135905804279106 -3.0249256662327055 -2.6498455500092923 -1.716420105245777 -1.4372328471936606 -1.1891994601994396 -1.0248801159531242 -0.9158242448782399 -0.8119862971492913 -0.7204062533015672 -0.43761621089658564 -0.9734770136916248 -3.609872963166099 -4.089698038797726 -7.912958090942603 -2.270269449371275 1.9115555412553011 2.3936119357647616 0.5689544322651812 8.487058576521616 9.441757937311683 1.6970945842232732 2.9041808982639643 7.5369571846990535 6.967170357781629 8.30553108359102 7.452220072197626 -0.5609619942500358 -0.9505983510463171 8.493707749438503 11.146973618392408 7.064803867505682 3.78318980353698 6.561024561128072 8.319120143910444 -7.447441337965229 -16.12702117157659 3.1050756925894123 -11.33219128896387 -8.569713196520528 -1.4321686060220677 -1.688100589544208 -1.4011944616727632 -1.2033645975399745 -1.0749725066235116 -0.9503598523075125 -0.8395381399518069 -0.5040654435331946 0.6532160448099882 0.9177849670118479 2.72936274852596 -2.5112789815777523 -1.5793346979149183 3.2709155178680374 -0.16666719123352217 -3.749854531725581 0.8898113041826791 6.203861442266549 1.3796557962367348 2.8163986934201253 4.385196224471799 2.726902245561644 3.0227674726946274 4.154090343141431 2.805099714201405 5.852350679563568 8.320894034396215 14.898380829796242 12.610005785410701 4.845996327549049 10.735779760930674 15.389973738358025 10.160760861621476 -5.344665532144405 6.243518942797885 -4.855512804630965 -0.8479300609552596 2.256042115580649 -1.7541927950632452 -1.6042098569121472 -1.3741949336922752 -1.2249591548521697 -1.0799193434719894 -0.9510517551865322 -0.5653867230918405 1.8609615653277838 3.4441485964135343 5.447274652886015 5.221332593191561 2.6887472413796347 7.047501858414829 12.383180425396134 -2.6066674338514995 -7.2160224189203275 3.982140831167562 2.234727191716122 3.1027166693497428 3.0042318634154714 0.3823732453712437 0.6776043517576347 6.768255528839467 7.454336020043315 10.073867448536264 9.92414520235392 13.254581177457249 7.94342629200779 4.554399558232231 20.800725551560742 22.436094918354083 15.232325527492952 -4.934501061118443 -1.6007438435163102 4.03369719628087 -0.06236846537803336 -6.772203125621069 -2.6460465773676956 -1.8346411700400278 -1.5313797719784887 -1.353437258971134 -1.188149425354712 -1.0449703181273826 -0.617372938726365 2.353129922087195 4.662068375089118 6.760769571145443 6.780046408071487 8.346679237468482 8.324393636031665 11.007291314471503 2.368204083630749 -6.8115269857664895 -0.1822986575152606 2.9872496873416585 3.662110436880178 4.561037222950902 3.0227903547705 2.082280898533482 6.066871527793242 7.076611737128941 6.126994401703959 7.6677299437371484 14.442515922764315 11.843062129002423 12.967923074293232 14.258859774914827 13.287430731099782 1.9621533961760649 -6.065242705595967 1.572250095271929 5.407828215791109 1.68383418864672 -5.167731738684092 -2.984950085924054 -2.0461336657504923 -1.651983763993938 -1.444547999619437 -1.2636353714484905 -1.1124733323003113 -0.6562609342089566 2.4096916578838243 4.395023659362296 4.7697872925004 2.084615537295191 6.027787374002934 7.972825483558992 2.4238607397549683 1.8243120844400647 -4.5081303227218825 -0.6026990914020947 8.024865795181087 5.578953659083888 6.741702843063738 4.004170603935916 4.477587416525098 7.139580284884728 5.156912556542958 5.629794448998865 6.757240622322664 10.021637554946507 12.715289952281134 12.70823207378733 3.2152860600571005 2.5914194538062816 -6.909011195884697 -10.051044765284287 3.323981287004106 7.336390401861012 5.420501318668645 -1.6462539225798003 -2.981882862105608 -2.132080603582375 -1.686024463377204 -1.4738243576071581 -1.2925247065148604 -1.1424458313596406 -0.6773318442226847 2.2334718208424373 3.821312422468702 2.718632681507384 0.4734349687789236 8.587013434739204 10.123961765450598 8.578378113987688 10.23322785592022 9.336344395569105 10.826311135940031 11.652751444101638 6.128111875648914 2.430328146921516 1.3936941119793131 1.9822227888284212 1.432136489757464 1.0381076034453414 5.0909391563465975 5.837216741919862 6.708005663249112 5.317912019190605 7.49197014271473 3.483512271842538 4.356270917706101 -9.89774687121883 -11.10967097898025 10.031497808465232 12.07914388030552 -7.047447282622186 -6.681892874760741 -3.0593261347648006 -2.075572666739912 -1.6247384806364964 -1.4380318900475397 -1.2737485101376833 -1.1337024214774805 -0.6796644435466566 2.080314605304121 3.3305072773250646 2.9899381062676196 3.3309171212059474 6.6009084102330196 4.0554811819596805 7.593242849504914 10.291137045534045 12.061427246707996 7.130703741567147 -9.077674984765444 -19.010145863583897 -22.525778733847318 -1.3823696386655127 6.237261744275002 2.415201807298991 -0.5859731434840986 5.878884048969314 5.290598640004384 7.889934038609491 5.025361216325216 5.784749090370077 3.4982825237111745 3.126543355151861 0.1526901025807818 2.001969530451437 20.504805869471515 14.242265434407297 -25.451584895160583 -16.728489258928903 -2.8014680276686317 -1.8806393165079267 -1.5011681896622504 -1.3572505668479085 -1.2200716589477594 -1.095336892776606 -0.6662611380380425 2.018529254123323 3.304651545744331 3.5758653311886985 3.7632453176252847 4.064582357871524 0.8728798321454803 5.135081234920293 7.262387148205803 14.148240939723022 19.477311234252856 3.7088346654619 -6.7705193638133725 -3.8229506739832178 -2.142557457607414 -0.6936427392104594 6.924920848765552 1.65583782614144 2.0519973455009235 4.057291765794386 5.169332282881891 5.067585734738296 5.829341513623829 5.464829102052395 3.163629049001495 2.8493578806377693 5.692375086325686 11.1570674436899 1.2726761628861256 -7.334621496942027 -6.398884908957598 -2.118941204958079 -1.5677945278670011 -1.3355247781517137 -1.243966057373337 -1.139610849483212 -1.0331226557204105 -0.6386911634479825 1.933474025827837 3.078660381016242 3.1981386377537033 4.424535939427278 5.932372251825589 5.145475228700321 6.550586870629745 4.410138959052418 10.566076477807444 21.113148181404917 12.67432025980769 6.68457088259185 -4.047939786818018 -5.748372253163054 0.19851381683149832 3.73911874488591 -1.7435610408503912 -2.3110690104337457 0.7044063894218361 2.9505574956453873 5.786626310854006 7.253887712231728 4.232810942706602 3.9959057928941517 2.2326928265138126 2.272224188484266 2.859174233399665 0.4801619684849223 -0.063582535071924 -1.223733425670765 -1.4380848889654596 -1.2455851333277996 -1.1580256151641826 -1.113213905752104 -1.0390537709527372 -0.9504219457629897 -0.5964016730191556 1.8234300873927494 2.829009795732167 3.0337113290250324 4.639307454901852 7.743022037588233 11.041870678202255 7.2441949376704295 2.4002870156371388 2.1349833297275573 6.375399479385702 5.527921008114469 4.681677813554402 0.8789966500804953 -0.5499850293578988 0.10796157099407944 1.7057433577767926 3.1769153659848426 -1.7522139578078366 -2.2645084661520243 1.5726424893843807 3.8653157524269193 4.24031689110942 3.120993193615424 2.6599924635902727 2.172525631700242 1.7103055304873018 1.1231811525919357 0.4610513737061044 -0.22274847122793676 -0.7566907183210215 -0.9555593522006551 -0.9808693316156943 -0.9895043530374505 -0.9805131415293911 -0.9300978817223127 -0.8571023346799465 -0.5446357707141755 1.685135043797948 2.5879276373299276 2.920818539288346 3.4951657648883208 4.564728607263107 4.86586952030554 3.608713269011811 4.316539565802734 4.539518923859462 4.0519949230771335 4.052056902947973 3.663770144459166 2.6518081589211806 1.2116239709444794 0.8183657070624879 1.3927897399935807 2.83157158641633 1.4503713152571285 1.202016983170541 2.0443482640259263 2.446620116065176 2.5372054068833334 2.40044606771162 2.116472357327098 1.7598544637170357 1.333906534654757 0.8459681741868856 0.3593677554684093 -0.07604364135003508 -0.4264705076243157 -0.6484902077300064 -0.774063159645413 -0.8337822186336833 -0.8458183520367223 -0.8123107529153111 -0.7531632617129612 -0.48380448986472757 1.5914201162513049 2.396564690212249 2.663895450095694 2.938689417071336 3.1653974813619503 3.3407613265850644 3.4271034626797543 3.5362037907307258 3.6817209921450975 3.5699204962609334 3.1534424631071265 2.654048458468633 2.0871538236448544 1.5850556706251038 1.4988344479917621 1.5852411165359652 1.6389065720335343 1.6574243409525764 1.7686265583384062 1.933639143226411 2.0829393473506745 2.129381239144828 2.028660458463563 1.8100042224842756 1.5125621700772764 1.1512046313154696 0.7405891554102362 0.33223682587863346 -0.023134441464921832 -0.3132827304875475 -0.52558483032485 -0.6651514393539127 -0.7354272099251516 -0.7555711985707458 -0.7314638464555365 -0.6814971954593487 -0.4414709733104055 1.1132768793675545 1.6083302957341663 1.7391597099405705 1.8639933325323936 1.9675172681716997 2.0508258562999737 2.0882852502155886 2.061258267974662 1.9492151265481121 1.7836268808269231 1.5961654869307664 1.396850113833617 1.1954444333188556 1.0237957163225646 0.9139228686385494 0.8641005814260677 0.8723566453019488 0.9145002666130678 0.9662336087726087 1.0110547131438046 1.0325892495603366 1.0239500875169825 0.9780752924107426 0.8893501104075463 0.7522336663201595 0.5750996923840529 0.3663165938828515 0.15174279496435195 -0.04276944077777722 -0.20627979555494447 -0.32779865735128766 -0.4092922006060806 -0.45214760771747736 -0.4661138783925212 -0.4528915667384848 -0.42332990924620706 -0.27624042436088225 0.06029064467934122 0.28992854535852214 0.3980431828362362 0.535759328814161 0.6862144887884577 0.8406194962489313 0.9782818470908949 1.1102305535913328 1.2463620049084492 1.381155111114415 1.5091252078425117 1.6219500065309054 1.7111486622699437 1.7759943403234906 1.8159449436464083 1.8264034182272992 1.8028080952924652 1.7502264370524276 1.673731408302937 1.5860294900858822 1.4998527967499478 1.4174788649367587 1.3411806505109174 1.26943201158916 1.200675084578682 1.1309487965543488 1.0563158935836992 0.9757311170393258 0.888022900572748 0.7955458776724704 0.700636931715321 0.6065539711474605 0.5159696642155076 0.4362610636360796 0.3668109565673714 0.3110923532894389 0.16155006647708828 0.05449907438880311 0.41649059096029495 0.6306797294072998 0.9972520857889304 1.5607177685666798 2.1307756041208377 2.492165763641842 2.6570328501586147 2.6530304081507947 2.6074594882656923 2.6418539867839232 2.7365232883863926 2.870095823860481 2.972409855799671 2.9748972659092088 2.9162897659661793 2.8350360759054207 2.7296400141460766 2.5987209304596934 2.4646192127950375 2.3497838792317745 2.26635216920884 2.2258383672984574 2.1859408755757475 2.1040738065284024 1.9879485652483257 1.846709193406799 1.6878489839671331 1.5166361240749728 1.336679390290654 1.152133246226698 0.9732079047014063 0.8083555725855742 0.6690515691544353 0.5548740709811345 0.4676289515330999 0.2413472246257177 0.03662575097216397 0.40119645044349755 0.5954857412156297 1.1712533288382616 3.4151552607197426 6.01212675128829 6.435809931325715 5.004913548379102 3.6053307055693034 3.4512573964823163 3.3228040191692663 3.296115146572344 3.4473936599104906 3.4726223680049806 3.3899439170771535 3.2533675639141966 3.1208785837732025 2.98339741704176 2.8297340695822126 2.6841883911438105 2.5711057938015704 2.526415463019968 2.585688560901271 2.6476359466460493 2.5994919642783505 2.4692044237407424 2.286606213751171 2.057419877989002 1.8030493288436484 1.5458953579016925 1.305809469325164 1.0871253514702703 0.8903333754176133 0.7276402553857213 0.5984672228131237 0.5026590728083448 0.2587740385083674 0.010611794591108609 0.3436389912729956 0.5317023327767392 -0.04570687423678581 1.945295503569911 9.018619834318725 12.996571887630035 9.415078552903388 4.13328819642177 6.080317428979346 6.760388710524516 6.9845764145105065 8.344914672305997 5.466792587882025 4.637172493708932 4.156904802675394 3.6680110468234095 3.3596617789707586 3.1844125553711926 3.0015705305628044 2.8811014546706954 2.9461356526541884 3.3446326689352257 3.7716457344631675 3.8220620032137185 3.6727632023654473 3.3957999867076385 2.945816711626899 2.394449905360393 1.90864391284128 1.545066598831967 1.2499927448858428 1.00127297069446 0.806521148629665 0.6570438662851398 0.5501480390148122 0.2827530995612652 -0.021338193521895105 0.21173368771186074 0.2874177115379961 -0.10299120833091581 -2.73446278110415 0.4250794403949789 3.2734451676987755 2.3526317561789005 -1.335054355033854 2.2145482972377515 5.5294755473023915 6.947578301344935 8.83307418265747 5.812330556334904 6.68165019053473 5.897563640924131 4.534814283159682 3.7498951304273627 3.55495359605965 3.411691639154815 3.312595259098454 3.4442492146298918 5.932616491731863 10.771650860582088 8.279602234908827 7.850209592746567 9.971986479127986 6.233286422928181 3.2502019436145617 2.4400176386081815 1.899221939616696 1.4096621628393653 1.0859641745592419 0.8614087790104296 0.6968195043522079 0.5825064530799602 0.2995263441349011 -0.06081957863494992 -0.009146447311098567 0.5652189949889681 1.771218417151806 -2.45038800600693 -2.826729756107707 3.2511232573202236 5.999807336921759 -1.8301468700343597 -1.1134364673817332 0.6141055577874037 -0.17554946195964577 0.15895867082100107 1.7350890426072099 4.32149739925995 3.270610731965119 4.781112031937635 4.416011123388754 4.737173664429189 4.7270499783287185 3.789398648400988 3.917715288459122 9.803038770472149 18.45118334088069 13.83926762068736 18.89460519566977 29.335333942980505 14.02265012289829 3.9666896316544853 4.519076132489208 3.8670446498693165 1.6331408384272739 1.1212209797528594 0.8824795198892853 0.7135986293651424 0.5969001769317986 0.30808577141459625 -0.09791395439087106 -0.3482233552901662 -0.07471852257001946 1.9224267767311223 -2.7958408574664317 3.0183333834236774 9.690662859414845 1.4076757349794313 1.6497798606699552 -1.0445258988368058 -0.833663187329316 1.1548880567820599 2.037560371986394 -0.558235385011754 3.3100063088736253 4.749815337459864 6.235745359154484 5.93462117029367 6.652048290398531 8.160890633562028 4.221659043824465 3.1667944062020834 6.854844958085665 9.569540326293575 8.75085988166223 14.094066405453361 18.857986147590793 11.997516477079659 4.395015649149147 3.9560330461004973 3.2615682544238034 1.53816800563804 1.084980439964856 0.8628942749643442 0.7023725495422636 0.5895519689838772 0.30676490592651473 -0.1031538987076847 -0.11749997441430071 -0.4573735412134183 -3.0315594669569053 -2.756320671499561 0.7589652824408823 3.0931129698135917 0.3393910516451215 3.3663780629080797 6.049278561387658 4.6793069886624545 8.769954765471809 9.147986988781762 1.8961752132616183 5.1423812315857536 6.587185355038042 6.590468590307915 6.207357721895064 6.042114042821979 6.668781244517855 2.6139157048682025 0.11757864680648344 0.9311780708357239 3.9433992996085827 9.612141794055782 4.875147498485836 6.952916439465232 7.730123158522462 3.7404142620609075 2.2548207551613677 1.5977215299791316 1.266079171749574 1.0030961470840836 0.815170547718384 0.6706929423362318 0.5661630939355988 0.2982984729944166 -0.07685332596452579 -0.20463838602711115 -1.901358289207511 -5.355095484735981 -2.3843288241459604 -1.6681419862361018 -0.6889366652252462 1.6178735373507713 4.555587841457439 5.3107358262758275 5.453021410347373 13.833184605908924 17.588054210382115 12.77512836532741 8.313803531122215 6.686427333067944 4.4352279214190204 4.378895396933957 4.781644610485116 5.022711631773122 2.2595981001147614 0.3174875878564312 4.718711065946228 14.046540361027299 20.425800080661322 19.340580750748657 10.098789150224999 4.542621441941827 2.6672349863338765 1.7715647501278262 1.3168139763669886 1.0862547433258753 0.8951629071852242 0.7443285657082045 0.6220921236693607 0.5297378668954477 0.2841676889536947 -0.038608618102135735 -0.23711666957680239 -0.765660317508294 -1.984861545595531 -2.9796225298342116 -2.267962781881091 -0.40159289899899114 -3.6606591240110338 -2.7475678668619223 2.9717115568794896 5.149220729419253 12.320483622832386 14.085289372929937 9.177678291785321 9.251952283796605 8.097356758052362 3.875030952127233 3.6303992617001803 3.039825128926382 1.0714727991945663 0.6274309552387813 0.579899406494007 5.068844102740174 28.758595847032087 24.899026128709437 25.364899951495538 12.924618135431984 2.907840600822448 1.8517315573083255 1.302897508614761 1.033395906436848 0.8921639500246207 0.7640654175749904 0.653794597585311 0.5582607120296641 0.4813250338646668 0.2647385599173818 0.011023898123996508 -0.628082752272808 -4.249449202584316 -4.486770720285218 -1.862433337999902 -2.7328879834967896 0.0763410206151628 -7.0203409241909895 -4.3654508798841585 7.101017397499601 6.623381272956405 9.399872052666462 14.850155607253779 7.366671964735726 8.422215262576772 6.56070693649698 2.566242076946493 2.766488764924155 2.315137551022045 -0.8518228058411925 -7.465513391339763 1.2955118426027397 7.124101782152927 3.4692237455321555 -8.75544792638359 -11.150504198487424 3.3280472101675675 1.7849155281634972 1.1792367475765306 0.8794224360564062 0.7500267856943243 0.6902802038553263 0.6231400884458359 0.5561008043666366 0.4893143666283604 0.4295516815391981 0.244638039602599 0.09589773389673847 -0.8281393746390303 -4.785400412159339 -4.81846672387756 -0.4817937608294546 -1.2625322057377766 -0.22632540714755325 1.3028902538430327 10.04801924232805 9.330266430024306 5.979299975873832 7.379707919115154 12.674151935816043 6.399020722205766 4.710292469563229 5.128247199891571 2.2344730481795465 1.9215846887337982 1.3289053591109607 -0.21445000851510757 -1.1183147410735579 4.647348392724849 -0.5433682237985776 0.3094083547802091 -7.234193411214093 -7.600711558251358 0.5656575166061215 0.8755976482329678 0.5912004253403388 0.4954116873608155 0.48620591389199613 0.5040848903888049 0.4971386425665374 0.4734742480885053 0.43462783149147827 0.3907766048231873 0.2327814335890808 0.21424701134919683 0.01389457198046553 -1.708084202665243 -1.8540311037775787 2.2012567311368416 -1.7951231635734204 -0.15600689559627795 5.992417321462783 9.88859541847893 5.017984117334183 5.827913007907355 7.168178567996403 4.241637741604289 2.939833808297605 3.635881340538929 3.8351873497969935 2.7500896151836276 1.4418277287016743 -0.1631624513082795 -2.771315311032734 -6.742081797575989 -8.237872514313063 -8.317967657817963 0.21947552773031542 2.45946930149481 3.7651964406081455 0.5107286726176102 0.0634469656141009 0.09211429976950347 0.1723337390935631 0.27344323433279016 0.36233580617766203 0.4099557102989079 0.4252169707186296 0.41054601570604615 0.37926797433325954 0.23682552690952638 0.332670824156726 0.8350508893398055 1.738501775458215 1.9346206772433152 -1.4613340728722117 -5.809596649364154 -1.2005336727838671 1.5002472747685125 3.7077926747788865 2.3379189130747027 2.972519256569151 7.037578801988511 4.772403528065225 3.303824801464653 4.677586291992533 5.4612484057511015 5.700936942544188 3.737217697530782 0.08400405999323335 -7.612668679434115 -9.253227973837452 -9.368500477142323 -23.19462927184415 -16.607831071927883 -3.6482451636469335 0.7829963657701074 -0.8066517612597857 -0.6411356928513948 -0.3127341639745338 -0.051870267854385824 0.14972750177543478 0.2952932632681516 0.38692547503623576 0.4334331448855009 0.4358995024996969 0.41134719834761746 0.2658586766565698 0.4338721080585476 1.0491632114609184 1.6543739671506388 -1.2240890861993226 -3.716230099144053 -3.7611930685904515 -3.536762221540554 3.574933314093813 5.137493280970023 1.3901918677706897 0.6820651583727594 5.086969599822924 3.4332247162946463 -1.17835860310694 -1.130302792182702 7.272672818222434 7.1508831881124335 3.500776596793612 0.29764047226486867 -9.053341404154251 -4.915101218036678 -2.635058926330693 -13.659422055960674 -14.033083680914576 -7.266929646525777 -3.0005063109208634 -2.0668678080296905 -1.1679151237095429 -0.5538802922160414 -0.18344750377877345 0.12197059190846507 0.320969239163039 0.4464500770947885 0.5122844747414677 0.5213556579622783 0.49499991173209357 0.3232585184659597 0.5215026916355031 1.1276979700954162 1.0859803141535893 -1.0805897783570393 -0.5409192751174123 0.2570585011497094 2.126756058717149 4.384457647362741 7.171272636588211 -0.3993380680007193 -4.21717586439686 -1.0613807379949265 -0.4213060193664199 -0.9714505558783555 -0.7135770498438347 4.509336494921336 5.337851308457353 3.1913527448492256 -2.8979405846268627 -3.3725100037114215 -2.393953060953183 -0.6640591307576851 2.686367699823354 2.990134644540038 -1.007367733640232 -3.5378139621233826 -3.460142904425196 -1.7752076788726114 -0.7822219312872005 -0.322010656653033 0.1422329920701735 0.4315957324976681 0.5934812176754897 0.6658036647456527 0.6684228989231351 0.6295791658944541 0.4067997450459018 0.5902761528423914 1.0678797300085805 0.44562567324905816 -0.34724203771204426 0.20063304832077827 1.2995502813149344 4.179880276895509 9.34235482286401 9.663520664329353 2.6182445378533683 -0.6342677713740303 -1.2853712374216204 2.3156548921125264 4.174605869261976 5.767655429066272 5.934892419651578 6.48806427124614 0.25137984578710765 -9.268373310748808 -2.5128853766295465 -0.35659424919910077 1.4916408534392103 -0.05648154019312623 -1.924283256527986 4.501240845978604 -14.03711058690068 -8.957487706987205 -4.094463110760308 -1.0442336744338403 -0.3401632270680191 0.2582657880940844 0.6512009906729656 0.8406483166809021 0.8996048530912416 0.8791742221575852 0.8153928210669406 0.5149922126083613 0.6489441394181132 1.1165747833397035 0.0324519994148379 0.7291319252201262 1.8712458307514146 2.3475593501613132 4.157982325175096 6.582646183100673 7.258277050851133 5.555725342149619 0.9654734775219709 -0.3572067665978769 0.9570585453611778 2.6206375145787324 5.626868843820679 5.4904765550000985 3.308980740494681 0.626911855822477 0.994762024995018 2.749194826667362 0.548268016730558 1.7594045729033823 0.34276080109502705 4.311987769148639 -1.825286632043196 -21.693119303827782 -4.319131605834889 4.227642042915089 4.285581547475798 -1.2122118243902507 0.5405781133214549 1.0312682022830066 1.2176019921797294 1.2284159850572514 1.1607480320640393 1.056070193077112 0.6477155767196681 0.6999198476852139 1.5308790142926687 1.5419462137255484 3.445965586293496 6.004039588972709 4.469257116064131 4.437813484091023 -7.581629852476776 -5.7841028138695245 0.8311336597429444 3.030334799982059 1.7089427670622965 1.043426446927577 2.702845348718785 2.6514985253358114 2.295816825071108 0.8528293402622209 2.923104422901874 0.6648410682492364 1.3011960242503942 1.6713938219219369 6.5066631421393035 3.100449036013343 1.1980016065902512 -9.934555696378835 -6.367004704775242 5.882318006451684 4.834530629604 -3.6383278427482058 -4.574679246550605 1.0711004441543506 1.6157718381725465 1.7106290336480487 1.634312882965952 1.495507006229696 1.336763761833095 0.7969993401376717 0.7356683825627215 1.8273894458733173 1.9729791992059318 1.2568771589634997 5.668470356367706 2.8867590494231545 0.9254653921516034 -2.8874159144885385 -5.659436353534364 -1.8024992136521514 -0.23946058959545552 0.40113147220283174 1.1482957915476153 1.9972910538044164 2.6649121565767744 1.5027040392626343 -0.04504355696398417 0.338936335511061 -1.0775442266325659 2.1682811875071493 8.381500347839916 5.577700445094381 0.5461251729595006 -0.6377855976676507 -3.910005024317245 -0.13126969987412063 8.194738923883936 1.1325534292930377 -0.052396356917546634 0.7089597619357234 2.515639096916855 2.486143640585177 2.277521007236257 2.068386785195649 1.8397630635054754 1.623226715670188 0.946689342326435 0.7434493558259173 1.2195739932086849 1.9739783384653247 2.7051327747371325 2.753557876655965 0.6349354100760168 -1.5562321999127993 1.539702953285897 2.5309410179157172 0.5218450212430304 -2.5972064440880662 -0.6834967741914019 0.6002290787297071 -0.2092199648686884 -1.2504595593634884 -1.4330166786451837 -0.8413626463824134 0.23728655832305806 0.05462299490538326 1.1021562351366885 5.469702111448832 1.7585076499036176 0.9482701786711056 3.065319057497673 10.774997506584574 13.160832888096863 13.065998910846531 4.893226097350607 8.521296067250733 7.131680949035823 4.6743094390414095 3.508245565870439 2.8425821680931795 2.4786520842676807 2.1561358820369803 1.886114474226751 1.082751679894214 0.6973999575021447 0.46608082150825564 1.9574395776691926 6.78406108281467 0.9239407805618012 1.469480246465697 -1.8050897322452453 -4.208821867829713 -4.768456909910453 -11.934219804283742 -9.693406379370932 -1.1116319727615338 1.4924558897732174 2.370367987495642 -0.05966118628015689 -0.6606605011171729 0.4339256209384998 1.3445443781184763 1.785788973804612 0.7353771696499599 1.0292017433012437 -1.0835847171286395 2.962036262341657 4.578450319393471 3.9629059353812037 11.948519188309733 14.792734599314198 18.31965160890656 22.676776098553383 12.588623023822844 6.264893548592354 4.268573440208025 3.265212280697714 2.7926720315925793 2.4013707176073935 2.0906216334912187 1.1884819709929189 0.6249576188137075 0.6023538914499571 0.6599969175567566 5.0212512348174965 1.5084324070393234 -0.005660675369617701 2.6798144762553027 -0.37360470201253443 -6.108355092219885 -18.977276171267143 -17.1825855222967 -3.450709198611363 4.4282500061975 6.4917940602685995 0.973817439790214 2.3327099338244253 2.7019362275386496 1.5886939926110144 0.7749609345312946 -0.2007290786569011 -1.0631371098635507 -1.8809507082752377 -6.045108126155001 -5.614534152806283 -4.864155176829985 3.8458530082181124 17.75219570718009 35.93177485931645 28.05640231493994 13.311441367790716 6.904999506100278 4.6303716765033975 3.4979370445705706 2.981968591878554 2.5575408669804194 2.2224303045495883 1.257016546641642 0.5498157206551667 0.7489475274730608 0.9088030575194035 2.318042141039891 -1.1206179404555847 -2.331992651079711 -0.061447139255034526 3.200692031973376 3.49214691607144 -0.528525623007025 -2.8941761656824654 -14.645510228724158 -7.76277448670754 3.312622012683353 4.7939163349486655 3.35423299970356 1.3753255538332347 2.7616078568153735 1.4284615974963357 -1.8328507346103815 -1.3006713448406355 -3.1103416359632345 -8.910214142352228 -6.129382131715185 -2.3438422926126843 -3.1954689473486906 2.465368098340265 18.570274173526343 20.013545584821742 10.596427887577914 6.791719460994702 4.671659161865056 3.583674733606818 3.0659057865966575 2.6336047094796617 2.2880393527850105 1.2914512765346553 0.4801073673112321 0.9094750019758031 1.9116085406053558 1.9072920011332228 1.417177525386175 2.7465440724367807 0.6506536894486413 2.7090980528440642 2.9883902459424965 2.166864019123005 0.8448292299710571 -4.612791600116497 -3.104726123729164 2.051515304926149 7.218593104215288 3.703626712230952 1.338362646340095 4.858656399013921 6.940220976552449 1.1935196539396606 0.013272579625218937 -3.5570189946299586 -7.433518188631243 -3.9634827193850852 -5.715034897682869 -12.539954995217178 -7.217003174224914 13.627602204124178 19.70687878319309 8.518689879873499 6.0982066200033485 4.439265112696281 3.5311112653958387 3.046557132293278 2.6294181337540214 2.2874044315366824 1.2916259385727178 0.41445491711268756 0.6167067028909379 0.8114045639880026 0.05481871498593766 -1.2231743370700259 4.771419065946427 0.7837072214671478 -1.1126177873831549 -1.1773409473274175 -1.6238052309095499 -0.42862875854440935 4.3626468206739935 13.773417743786933 7.074681000362517 6.0575961911679945 5.45103277271372 3.533879993175999 7.999577707747909 7.032671883412403 2.342125782274427 4.123660759318805 1.674437747035277 -1.26615635532241 -1.0796125389502378 -3.7537765012739195 -5.950096724889686 -0.8708354460983457 7.034057955685011 8.613079874719197 6.3313191894577585 5.145117818610904 4.034817862731809 3.3521046658875195 2.9226545860701933 2.537516632351565 2.2125239574861135 1.2526521481459942 0.36036270516722807 0.5325526718197519 0.6774283970529675 -1.9474534115555868 -5.074801311456959 4.359772270995358 2.9710133267990795 0.8253531422194592 -7.167685606163066 -7.445653426391797 1.5651787511626243 2.8717753916407953 6.772301917180669 6.5953653648016655 5.9747767873981665 3.480149287933396 2.5234836038143986 7.223916293387453 1.9002480347706963 1.8457782301591747 3.348252604074753 2.2223007582505163 0.5158917662780355 0.23995217730805538 0.39717004090997304 1.0353004813545559 2.5276384632212374 4.061995025643235 4.7045313661069486 4.66364773950474 4.178524867529623 3.5603304853546023 3.0873942790549616 2.7227485740357364 2.3794273045522183 2.0811764559950174 1.1837167301518063 0.31202788729448916 0.44935570980042705 0.49666829301451254 -0.11864922311755256 -1.322528885546969 0.48148122949627975 2.2737785710213183 1.168468815655511 -3.130120190763049 -3.267950769061213 1.030692389510002 0.2579670534106932 3.8083896315927834 7.87010718696206 4.603052183652757 2.066340064781883 2.7048667584815487 3.69015781337404 2.2303348024060505 1.4893654507146605 1.284666053246389 0.8962568873041887 0.8709438108882565 1.0873765819713372 1.3674085907159175 1.7981953121959464 2.4876896230471233 3.1548717886521738 3.495144973222068 3.5569175539251883 3.3767380242470977 3.0733434066740744 2.7576458897914686 2.4593148631361657 2.1640474170150137 1.8998654099775478 1.0870118766523285 0.28193035123103993 0.3998831709987619 0.44489998290639504 0.5323739621843216 0.6945504770493437 0.909850488195093 1.1312275274717958 1.2171370843210363 1.0375564157097934 1.0406590898334376 1.4577838258287992 1.5739075012774637 2.7684521111046014 4.102991166535407 3.0768027206870894 2.356778644028202 2.2359643036715364 2.0764716505063197 1.7412800000381743 1.3857163804209338 1.160859761065309 1.0500936145547672 1.1342153997127502 1.3448667249115014 1.6116430469870648 1.9464825289575065 2.3610803577317014 2.7378470257833336 2.9600913764271555 3.0291490625688184 2.9447842163475677 2.758472129693954 2.5179859568479683 2.266664617156614 2.007228277996255 1.7686531451061656 1.0177756351538596 0.1839067108240359 0.28054123297660644 0.30903543430146807 0.35277852344398325 0.4225069016811991 0.5204441731815851 0.643777943487416 0.7799800252139206 0.9160468568280604 1.0725280185726707 1.2702450034971495 1.4961761047160904 1.737361985579231 1.8874177143020552 1.8388548951186845 1.6837754927270836 1.5137410172252777 1.3434168671348006 1.187749924479506 1.0638350367138474 0.9889257128178411 0.9715167565697801 1.0199121539830647 1.1220672554186617 1.2659721132747002 1.429256682807534 1.5895337157189098 1.7253810995671053 1.8153863590437223 1.8534648198363162 1.8333932087502094 1.7608667479069942 1.639669303876452 1.4990332286612602 1.3413742517349079 1.189076871901975 0.6909272294110669)
(UseCyclicTransform "false")
(UseDirectionCosines "true")
