(BSplineTransformSplineOrder 3)
(CompressResultImage "false")
(DefaultPixelValue 0)
(Direction 1 0 0 1)
(FinalBSplineInterpolationOrder 3)
(FixedImageDimension 2)
(FixedInternalImagePixelType "float")
(GridDirection 1 0 0 1)
(GridIndex 0 0)
(GridOrigin -112.8136870693689 -113.18411233260353)
(GridSize 41 25)
(GridSpacing 80.04185882565781 80.12947579081671)
(HowToCombineTransforms "Compose")
(Index 0 0)
(InitialTransformParameterFileName "")
(MovingImageDimension 2)
(MovingInternalImagePixelType "float")
(NumberOfParameters 2050)
(Origin 0 0)
(ResampleInterpolator "FinalBSplineInterpolator")
(Resampler "DefaultResampler")
(ResultImageFormat "tif")
(ResultImagePixelType "unsigned short")
(Size 2983 1697)
(Spacing 1 1)
(Transform "RecursiveBSplineTransform")
(TransformParameters 0.8768567157282329 1.5129411494063414 1.7455382373096409 2.0193146952246654 2.3061818554055944 2.6048211108794623 2.879971081435748 3.122054621983368 3.3190557461040466 3.4654415724085594 3.5555029953495167 3.5973099100752206 3.598921180616557 3.5616971170098237 3.4869994972792537 3.3703302494675427 3.207193384663091 3.004100657059569 2.767563100754874 2.5146494186820716 2.262428990352797 2.0242624496071135 1.8135086172512371 1.6474657054593582 1.5434327007294928 1.5004029014396232 1.5173678290513186 1.5748923762884424 1.6535404705850074 1.738128751454328 1.8134751779212106 1.8584580803653445 1.8519502172435591 1.7926681164947653 1.679218700643072 1.5259586218017411 1.345738801778284 1.1637880913395757 0.9843641021369429 0.8315179896921839 0.43720842167139246 1.763021692667473 3.0557422851199534 3.5355493095181343 4.102787150571624 4.697800703645828 5.3158433523992255 5.883222422333027 6.374456517469052 6.759148210841661 7.02900074127187 7.175400538418796 7.2307269523408335 7.227314558919356 7.16427315908433 7.040677828056154 6.82117416960679 6.470419882881337 5.999038380370548 5.417684477197987 4.777975704765248 4.131504425066453 3.5157353970314977 2.968120721532249 2.535127143241925 2.263196145299289 2.1521442150477608 2.201785095780297 2.365440901705143 2.596408507854468 2.856299584566157 3.1067438557221063 3.2917300237824203 3.355220682911198 3.292419803103297 3.0983145958740206 2.81200828472536 2.469823445949684 2.122505826971838 1.7821767107133026 1.4945855758289692 0.7676386283502066 2.114164941900916 3.678870304001176 4.265529049888594 4.962078862195184 5.69513735210831 6.45737997832707 7.158130723255001 7.761624032338628 8.226217241481564 8.542794955395527 8.702005045260437 8.751390608437307 8.738481501503951 8.66165624674913 8.519194933490658 8.258356284159957 7.826400992531847 7.235018912538607 6.496049792856864 5.677964398215417 4.849120371647101 4.058579553264473 3.3553527070437767 2.7997487436174033 2.4521416178102537 2.3129826458626 2.3826711374860894 2.6023191586530445 2.912907183440513 3.2647008869597447 3.607958695387579 3.868389025776104 3.9717309040230586 3.9115421755468716 3.681179875044197 3.3337360748917004 2.9189991799332105 2.4990453301947455 2.090341825814894 1.7470068530676022 0.8880198851454356 2.5239879952701325 4.421067307026814 5.14447358061336 6.011503231846835 6.9328081139561935 7.8953002278077955 8.78506550935102 9.546843265742872 10.118200846364084 10.489048093890519 10.649233001211597 10.668167224775392 10.615294901551398 10.49566113501211 10.31409293203576 9.991087537610987 9.447046468346848 8.697672637930284 7.7589549017132 6.719350816622032 5.667347672263641 4.666706880537862 3.7812009251573313 3.0857212061917743 2.655519554577791 2.4914132560814335 2.5940340655910723 2.8920959526878773 3.314199921730561 3.7950705211785896 4.26938453725889 4.635895533488406 4.793359903062429 4.733256980786934 4.447028289806773 4.009438632766159 3.491360206716493 2.9702221018087713 2.4690782855115367 2.052310479425795 1.026727079052934 2.930603275653393 5.181015464044838 6.059430843148867 7.1277839251973445 8.281577269258605 9.49725497468031 10.631981767866838 11.598004876810204 12.299436873228409 12.724930499138624 12.863189247576237 12.810668820427317 12.664143372337408 12.450493881436213 12.195973743280447 11.7840565750971 11.098029779829268 10.163382875265723 9.005872839481407 7.7331783321269505 6.4529303484675795 5.244898449013118 4.188845105705141 3.3702246692287767 2.8744971563279265 2.701917537426592 2.85236324690466 3.24701878099859 3.806865521950293 4.447807018692319 5.085285930348594 5.582310852560478 5.802083368597485 5.733905457148715 5.367419525384188 4.807296412418481 4.153779207238423 3.5031923376876737 2.8874898244793035 2.38232962884078 1.1664994542616864 3.3200174205932336 5.9298118580482395 6.973775806879509 8.2647502642615 9.68581476122931 11.201934080436535 12.639844364332777 13.858329251012185 14.706605518400737 15.18230899480026 15.283625448823287 15.105602283563757 14.744525769517313 14.361701817756346 14.11720733434561 13.732755664286296 12.929311763685105 11.772121188091159 10.327622829632539 8.72397342577056 7.089489801439477 5.582194109638602 4.359260698276497 3.4687960477759794 2.9583790788349367 2.8045952182164253 2.983935415450835 3.4767163518384496 4.262710696634086 5.179085158484932 6.061710794353957 6.730293084075604 7.005389097754198 6.892907316063771 6.399350173948778 5.672850380071012 4.856806501027437 4.060708837130716 3.319223616687852 2.7188005411648173 1.3024534350795105 3.6311676999462916 6.556682660469763 7.756000239690111 9.265955511262 10.963375850967044 12.80455818854472 14.593681009091416 16.121891307636474 17.124923520528174 17.597501929159424 17.642112855235293 17.27415632279658 16.5281396677 15.88128780766996 15.843951417510809 15.75172650062076 14.91772678151157 13.503086650059265 11.672471132079114 9.57583661976135 7.36388126683902 5.391415151100244 4.0144426383223 3.1515987779590526 2.719594771964972 2.625234544059429 2.7783895439775126 3.3491467357752653 4.504606259816473 5.8864760654037465 7.1360514386337295 8.026748636969824 8.332112175949597 8.110962367035008 7.424786379121789 6.483485259487537 5.491301538644033 4.5546319660337184 3.6954935231503976 3.008150409888117 1.412069584426221 3.8316203801584763 6.986992466910372 8.30678438961929 9.984568987561753 11.887137859018996 13.98720621088759 16.185616468378807 18.31601437477164 19.325100384059876 19.504832959916424 19.555975064271074 18.913558322959435 17.704883423890372 16.594482592800695 16.711655823443145 17.21301122169337 16.5186191380706 14.95591414763115 12.758499266942259 10.303335147664901 7.234557777724996 4.754594356298836 3.144398743358136 2.496929604083985 2.289835282700747 2.2626168656573453 2.3745779902216397 3.028060833706103 4.581270050199813 6.424960035130986 8.143039989852543 9.343500196312135 9.607247388001069 9.147253471117654 8.18351309826589 6.9978887861670644 5.863879192413814 4.846876501757939 3.9223819124301613 3.186730165982691 1.4808469749889273 3.8855592394165464 7.140294900872609 8.520166495257167 10.266122912324425 12.221450264876209 14.421667075186834 17.076103070863248 20.37582439897721 20.74614150697144 20.91592416186282 21.521656423477058 20.098854066569217 17.582560884590766 15.43582580438267 16.081951757699297 17.55464071090513 16.27136872955561 14.33016926415217 11.57089919662502 9.839385401631935 7.283611465312202 3.9983487064323335 1.7472546062423802 2.0221844362392942 2.2375083094705146 1.4505544426711612 0.418330414418962 1.6959962080160482 4.54444248952176 6.650541684909983 8.517191440457962 10.590368739907492 11.069160888992629 10.019951003278463 8.402824347188572 6.9632497955205945 5.777034978932979 4.796063953865623 3.902970418557804 3.1883504455322442 1.4930186327164068 3.7879808733460454 6.997486475912529 8.368275360902219 10.075226168755641 11.930450069538262 14.035491927773412 16.514305639193175 19.311907037252915 20.205641547970544 20.463487206777906 20.155201422713805 19.112055452264876 16.660973333848425 14.913681778789956 13.954296162962008 14.905016543501903 14.405079214965715 11.918742357055974 9.97121515808976 9.053223992113066 6.806184950664536 1.9710136193270917 1.0693561322434568 2.632847507612866 2.980925738494135 2.3288450387611337 0.03996638900790573 3.0408979846581654 3.8297597144762214 4.919644727741507 9.533156921066784 12.715589595080393 11.246457553629972 9.813993688027663 7.170557728896231 6.047514625668887 5.13826852196244 4.393044729649402 3.6476605368645694 3.0191499214590287 1.4484353902190714 3.5336430893989617 6.5390153126081945 7.822704316231527 9.376081825048733 10.978413819181364 12.757874617167113 14.660415202682582 16.505355597487164 18.062736969660577 17.714805890104895 16.40292841701479 16.518012849688205 15.673513008781761 13.508856894798683 10.700014467136693 9.657347361592262 9.777656993375492 8.834886937566885 9.565684118500766 7.217899218845643 2.1958896128185548 0.27799962685128804 2.1021867325081867 -1.1865358668268071 1.2254728778204136 3.3583381315432903 2.637642234297205 6.335446740898454 6.645868851191791 4.33152687250183 5.853476427870397 8.934884071085142 7.051518509661048 5.327290203920903 4.128382105235031 4.034557769075701 3.8511591942050254 3.626533542698365 3.166408726646368 2.6850959388002336 1.346857853738157 3.1548911679671616 5.808764126856142 6.930142154590153 8.2586677882638 9.579046391551334 10.925267464734594 12.172868824314358 12.878237412024907 13.213914941112897 13.954149287944915 12.123480625271057 13.550664648348528 13.893029852816362 11.365184745229739 8.532347789992922 5.393714116252335 2.7966749798361654 1.6173599560645768 3.2936692893586903 2.3119393692944485 -1.3957972157289724 -4.057993478764806 -2.6966395456946883 -4.275289993392219 -2.797683045780346 0.3889580659529712 3.0495946711237316 8.171578152555577 6.742732998346584 4.787519272373064 1.773920021172898 2.619959912953837 1.6207952614686842 1.1609441467850676 -0.033804395001596335 1.4290298225286193 2.580678263512702 2.8117990816338065 2.621267399196675 2.2865658193606575 1.2059821535889839 2.6840575730435665 4.850496891544129 5.737020699242853 6.8122091916748415 7.944791750501491 8.872793663955257 9.859049532088807 10.586410630751828 6.1827318062868475 8.464135273033444 6.513624315206432 8.178324369416071 12.704088869971228 10.890191824493213 8.988595903282228 5.676409331386233 2.3347767248499944 -1.889198826288294 1.495073430246631 2.18890997523037 0.16696787708598124 -4.331575605057403 -5.780794426705363 -4.6548391815589305 -6.04010530386294 -4.0038583707476745 -3.428142281044792 1.8224533281959714 3.3178511148287546 5.31264524881762 3.2002254792085636 1.5276367692317532 -0.3466514594025944 0.564996589017287 -0.2762469213017424 1.448219478706991 2.115906696099434 2.3062572822879854 2.1800639192382905 1.9239058512605467 1.0434981164987926 2.1496864394406976 3.7252677634098266 4.321706293590678 5.046088755134761 5.835960934605004 6.20704220087504 7.965592983168985 8.898686176272253 -4.323317722046474 -5.394363094027552 0.6222250207687013 5.387062984239923 7.687881842414529 9.201175534432474 9.319012227601652 4.086972590061838 -1.918877759711494 -6.177977149261125 -1.07421721748293 1.6271958715231474 -1.243350086657294 -5.731011747414251 -6.609906828065943 -4.477538945578942 -6.649811129394862 -4.53090627434574 -1.5011267361023002 0.4409181059946678 2.4297908574217733 4.966668425417286 6.6328001213361825 3.3865687199246914 0.03090007913982541 0.7249811400822147 1.0567639031565026 2.472950422867952 2.1982104331834065 2.0791363281096107 1.8503332782557065 1.6108879799217815 0.8672557773533843 1.5803260409199076 2.4941142646985903 2.7626688449301757 2.970290341788162 3.0131940589623847 2.5024766851588023 2.09464080556159 0.6915260442698347 -9.195405073224945 -7.859802305809366 -4.816440364106757 -0.0017169489482420958 1.857398137293731 3.8756947948872567 3.80677894564364 2.6496292171412485 -0.33823397254985865 -3.910641238920098 -2.96924000053651 -4.967377918264063 -6.403611643868124 -5.037848989626533 -8.50099572952475 -10.599838847026474 -17.419038798064296 -7.683377428160116 -3.001266319488524 -0.03501739055610993 3.738700651150666 4.299810176757963 5.684137587710644 5.047580305925739 3.2738604512651386 2.0881924785903516 1.304922335049162 2.979135031657668 2.8273170573578965 2.1185708958200835 1.6401573329204795 1.3612817462241578 0.6851041231569067 1.0178919927416474 1.273180152608003 1.220800338208018 0.8864281286876112 0.08905171041226863 -1.3054318296230314 -3.270501125371032 -4.281994787992815 -5.727556969017317 -6.8956569397716665 -9.598253855982012 -7.371446882699067 -4.277733128305561 -2.559468308285073 -0.3190948881999197 2.5912175829059194 0.6602282988790835 -4.044534064678274 -4.619716382541831 -8.40140562893485 -9.438478298960147 -7.974836528099692 -9.851141546148169 -13.038546472931312 -14.961857629544607 -10.663814569942586 -6.895366630315366 -1.1404422371394376 5.218592570286206 8.069989885615602 5.44707217614055 5.36841584015633 6.4403935028423405 5.872282082161886 3.5306187569429897 4.521149459601396 3.9988986480239777 2.0436597175201867 1.3784950196451475 1.1061429980484432 0.5024336211418838 0.5043023868492268 0.17868211989948832 -0.1427865049979789 -0.9025369176702975 -2.3235759079058966 -4.289205857105896 -6.667663787651545 -8.76639422606418 -9.479918678073831 -7.888736500703408 -15.376959919993066 -23.79603494606827 -12.350652630744046 -10.85222101807027 -8.164385652717273 -6.652327784750387 -2.963291755539155 -10.40391864536149 -9.896596599923543 -6.842175836911773 -8.757828952356043 -9.388131132074943 -10.699236079718967 -12.18294063716757 -11.823494599946201 -12.718121470444459 -11.657211529948311 -0.6519846308127993 4.138059820303857 3.796001262450598 7.331698729251758 3.961170934654363 4.794192585324846 4.60755901032659 2.698147976032833 2.775782365584953 2.0856831690305317 1.0144215052827463 0.893489938477079 0.7765169122495356 0.3246349566241373 0.05476993429566575 -0.750934945684921 -1.2781452824876829 -2.319287390232481 -4.0935497434769745 -6.33447747598208 -8.748279587023879 -10.763828828819372 -12.063193485313942 -12.766689793008336 -19.528665538981567 -24.60044235043818 -17.989089364848947 -17.30627309068612 -13.480081358420097 -12.892383691968293 -8.099971968612477 -8.896838376402775 -10.294976803981186 -9.977569980517194 -10.311116863271108 -10.79387905881279 -11.584511254743536 -11.932040398951276 -11.313199771316599 -10.526512310388904 -11.609068157983968 -2.295608130274902 2.588778324776373 3.122459545798052 7.669461496380284 1.7553608800841785 1.806780813119373 1.9423541966997115 1.6697509936577133 1.7477038024578886 0.2825423140770496 0.1498814336116492 0.38605504911580474 0.43702314464578706 0.14913677880555215 -0.31545327577246196 -1.4770745798191645 -2.135749450924137 -3.287887200797026 -5.092486458195597 -7.322546137558236 -9.706731059038555 -11.747231130772406 -13.031615146143984 -14.555828504561623 -17.424410960370363 -19.248736351689843 -17.81951498517573 -15.669152860663134 -13.117358685827833 -11.603930309153457 -10.997871613137775 -10.991387477275966 -10.781776252936018 -10.5795057254388 -10.803846206572652 -11.114799679854674 -11.463162147278915 -11.246999181491486 -10.867351869029278 -8.109300618999859 -5.202689500022755 -1.159137775097516 4.7723905770997535 7.686881491182503 10.99794694594823 4.9059479808337025 -0.8507503190077407 -0.4575611125272095 0.5920558372277797 0.8272635111798831 -0.1697970616896663 -0.14706447346252896 0.045548261229861 0.15231547105927648 -0.026613861666523048 -0.6126911610406041 -2.0188272613173015 -2.7497850933899617 -3.9035829405364666 -5.557446395949335 -7.593274060139042 -9.831735264132071 -11.882605680008211 -13.39691561539163 -14.67096700814172 -15.97184110111896 -16.661027490440237 -16.094408066558263 -14.89349552909996 -13.639145471167684 -12.615845973656322 -12.10725881419339 -11.90033647493006 -10.620532628509416 -10.107110045748986 -10.83174565793178 -10.952367018997835 -10.903756241046382 -10.2281424859981 -8.77684691309132 -5.804178752943299 -2.903070602896358 0.3556248998763013 5.747080236356938 5.288330539771543 4.383748697840282 1.6690092849942226 0.8035357382118218 2.861771582090114 0.8139135984716216 0.3877342455398134 -0.5477105037983293 -0.2219797763836023 -0.09634940573855393 -0.045965846207029544 -0.1880294174852038 -0.8426996668390474 -2.393285484835762 -3.1516888186800145 -4.258003536780257 -5.721464308001358 -7.480707579196067 -9.397312843452315 -11.20719919502428 -12.658358001328027 -13.754656806657646 -14.491431183101078 -14.80612682289213 -14.631073077399398 -14.12883435244808 -13.456166442542195 -12.80111986704943 -12.363668795041747 -12.030616928543632 -10.832559919812565 -10.455052450348118 -10.63160826956206 -10.419984677044818 -10.029343313522809 -9.121522573204228 -7.337228073966207 -4.941123433260604 -1.8821725647079917 0.38587808498136805 2.4408959346899564 3.2937158886718567 0.2461904368338822 1.322324979098823 3.355891092865658 4.255992555586544 1.7365660365733995 1.3948191525061493 0.5362366239626462 0.17465767189109616 -0.0038368499211331943 -0.12612254663733538 -0.3202770297258534 -1.0163477509395644 -2.638771114695786 -3.3959485549602393 -4.434104457562259 -5.712056140223612 -7.193263187122283 -8.75610655945111 -10.236227437916439 -11.463746871326254 -12.403828843267828 -13.021015126790186 -13.327706762445443 -13.336194171230598 -13.115992360769317 -12.737415238806298 -12.326471045772301 -12.011385684666083 -11.66888454077987 -11.146738070974378 -10.624320395213234 -10.162835499571141 -9.657047089436611 -9.023594724692186 -8.041993665323714 -6.4867441992350106 -4.508722586108721 -2.295092962951279 -0.7787838402484915 0.9871294869008012 2.4074206256737396 1.5882838143676319 2.535258140472201 3.516745507002424 2.8866221505724154 1.6655950879418653 1.993466685835963 1.4011962295639302 0.5582889948065828 0.1381780624319685 -0.14402131931435552 -0.41415780465127244 -1.1365502749747918 -2.7649690207977207 -3.498025927173554 -4.461007622673223 -5.584292984436932 -6.844778313227196 -8.133593479520108 -9.343537898172471 -10.361272271747888 -11.148499023426838 -11.66648447168947 -11.948198436130095 -12.026508752998769 -11.93277902163602 -11.698489513502409 -11.399293368284518 -11.110827270600518 -10.771043451587106 -10.31795143816828 -9.796819303979682 -9.25241614427967 -8.642220367438624 -7.923620860573666 -6.969496086788407 -5.652778093720287 -4.053076229787772 -2.2540109948897964 -0.6460895090897555 0.4315701430436898 1.1970939419590987 1.4672703033233934 1.7464227696578463 1.7589436841786477 2.1189434321539826 1.7495604700588392 1.041166263214163 0.9381430467659684 0.5376903342927218 0.14098656439650542 -0.15502358914285458 -0.45707261701473334 -1.1913163312371091 -2.7731768487509316 -3.4674260636625953 -4.355736201652625 -5.357069688126901 -6.454239089052773 -7.546549624955836 -8.558623859631405 -9.409083448796439 -10.068989183288966 -10.508975081634437 -10.757040598662485 -10.841144927184596 -10.782267127249069 -10.601401505194538 -10.339344065818208 -10.036920298379266 -9.681427069984995 -9.260097518979439 -8.778347014625078 -8.241658147406175 -7.628961045933384 -6.919140677227178 -6.041851250464625 -4.926773537089942 -3.632018809012216 -2.2157813960564665 -0.9060923851707836 0.069231278003574 0.7348498004465668 1.115082837012503 1.2787475990176338 1.2811808853574023 1.2241299864128947 1.0893574129557828 0.8835864015762818 0.6798836211112435 0.4023613062775117 0.08951173421171146 -0.15966231040046996 -0.4647138640016732 -1.0578797214744828 -2.26622842726451 -2.7708077430951388 -3.3893917864107164 -4.0487018789865425 -4.740374646794886 -5.392071719283597 -5.973391395868024 -6.449339646467373 -6.807472039729908 -7.035014824048404 -7.153772612267943 -7.185532404593147 -7.138880428782658 -7.022398336869129 -6.840234255717096 -6.596529561079457 -6.300101615833991 -5.959754866391433 -5.572706019830101 -5.136208875753612 -4.653089707167349 -4.126184441052306 -3.551455679981462 -2.924871737495089 -2.2664093377383954 -1.596035414759692 -0.9589111692676221 -0.40019870207277486 0.050957536364325005 0.36541421132752944 0.5367505268934152 0.5585436524891185 0.5291296154932211 0.5467698670867626 0.5335529026671937 0.41064758323517103 0.2271872362308259 0.019406027597393117 -0.15185764067809432 -0.4054267720946723 -0.12713777410431945 -0.20836456282309812 -0.23139382524695729 -0.24967135177186808 -0.25552544205074335 -0.248821435219122 -0.22503738133736367 -0.1878078017910462 -0.14045166667303619 -0.08495292779409254 -0.023273139407389187 0.04079265848109828 0.10345163915737768 0.1654548150504534 0.2275527394945594 0.29714359848827016 0.3816258145548263 0.4785182477061884 0.5853397095977736 0.6912578914565992 0.7854406441435545 0.8576777619347205 0.8977588519164607 0.8888076312803356 0.813948943273157 0.6754979079438781 0.47576972518198535 0.2359096200755437 -0.022937364585811897 -0.2847733286450301 -0.5336018699419421 -0.7488555055623499 -0.909963098834141 -1.0140848191572092 -1.0583039293004948 -1.0545043609724676 -1.0135325282188945 -0.9542413365765943 -0.8810312646063969 -0.8055240225449333 -0.538043136645673 -0.6036925396263308 -1.0080349452072308 -1.1237918220703447 -1.2156050695241263 -1.2439939327463307 -1.212321663681762 -1.102129973140654 -0.9415639328931331 -0.7572258501807443 -0.5642744046322999 -0.3777641654406714 -0.2210644433889575 -0.11752774145041864 -0.05900331751976375 -0.037341767209434676 -0.0035042963369323063 0.09155318035128868 0.2526364923603024 0.48453851959166205 0.7594694891082528 1.0496425357731636 1.3232398681544393 1.5484553765559048 1.665182928330523 1.6133239581186765 1.3923457961181602 1.0017330952790156 0.4971842936722601 -0.06557292554586035 -0.6463889257552919 -1.2050989708918376 -1.6906430518439375 -2.0519512131963538 -2.281528455052571 -2.3717113017518936 -2.3523281951111312 -2.2509076285244802 -2.110202663507984 -1.9409304289794729 -1.7694681472275975 -1.1760491554508945 -0.8338368705085081 -1.3878344070326583 -1.5435924141610917 -1.663355568880819 -1.6923733412955975 -1.6359166957476818 -1.4693670623310826 -1.2335857563491033 -0.9673690799532614 -0.6939847378849268 -0.43651556110168566 -0.23158005115050348 -0.11585722160846974 -0.07667210641237773 -0.10132112665905482 -0.11442689265234239 -0.04058744414629256 0.1306618232046972 0.4096622920991704 0.7596640022931325 1.1439319572835722 1.5197399134361023 1.8443665064237993 2.036212445683703 2.0136146827461934 1.7733293634123943 1.3122053917483465 0.7000813965889628 0.006938062957701893 -0.7161678658268953 -1.4182104678314753 -2.0328726409923052 -2.493906512224971 -2.790685671370389 -2.9124355194594083 -2.8960048949955244 -2.7753902785570124 -2.6036900370645477 -2.394444316878205 -2.1817484085820023 -1.4485727934685606 -1.1280936802620063 -1.8711761662331037 -2.07850040519843 -2.2382591539942114 -2.2791817080567154 -2.206574304110777 -1.985702786041674 -1.6689516764936907 -1.3059170444272261 -0.9296008962385253 -0.5730095914292505 -0.2976390110132264 -0.16505519310982358 -0.15323454206332873 -0.24004617737399492 -0.31396256934194217 -0.2634280423992981 -0.07508520349113863 0.2641627684759862 0.7107523756735925 1.2210813495702184 1.7359645274104782 2.1961181716908165 2.495437779255692 2.5274952085439737 2.2863755837450084 1.766389998118541 1.0482738628906947 0.2128832405682068 -0.6760710741357396 -1.554954428516616 -2.337285296120916 -2.9365860092716343 -3.3363816017025814 -3.5200899727983486 -3.5294159672082763 -3.4027053434685817 -3.2050327441832627 -2.952773921542511 -2.691691250144183 -1.7885765979025483 -1.4490563427525904 -2.3969226541157687 -2.663431114634702 -2.8783435578902123 -2.958013898128882 -2.9031399957603723 -2.6633577319837034 -2.2941424879228713 -1.847350761378657 -1.3648363191208523 -0.8886264477258231 -0.5210561455532917 -0.3642085259776263 -0.37947213537063185 -0.5279859915233509 -0.6568278688397923 -0.6130404669471936 -0.38927205234001055 0.021557489844198804 0.5776657112999799 1.2371444770360196 1.9181173545725478 2.538411237214315 2.9704782509811034 3.0869882265600297 2.881162103180976 2.3467162035086675 1.5637046372927441 0.6122963804444221 -0.43242657415125796 -1.4950754287826602 -2.465887217539056 -3.2352133698088816 -3.7769048550939197 -4.065049473843774 -4.139689308933299 -4.037010651899106 -3.833340938748282 -3.5467528701054345 -3.238889750567868 -2.1592322802427266 -1.795259866846339 -2.9678868588121086 -3.304826197707801 -3.5950088254130907 -3.7456249303054028 -3.747773809791765 -3.5292201726859993 -3.1371708814467523 -2.6147571593863685 -2.00915414876614 -1.3672547273317819 -0.8589484173387608 -0.6553811316615302 -0.7040436541524255 -0.9504118493869291 -1.1879961017428142 -1.211089185360322 -1.0026265865911248 -0.5458397377333333 0.17103021832535292 1.1590981426212055 2.212785891858025 3.125405550748774 3.749229589464553 3.9378473029729393 3.741465909653674 3.210947301551531 2.3810557738957194 1.2869043841591106 0.036923392147312085 -1.2597365859479506 -2.4699484725026517 -3.4610212623279573 -4.18732415111704 -4.603232110886453 -4.758069087001179 -4.696963191142472 -4.501691665855611 -4.185579172813532 -3.83015637514204 -2.563651583528199 -2.1402588987122257 -3.5448986317578934 -3.9622746263393065 -4.348981835642382 -4.6069841688223585 -4.712079327747509 -4.5570210643084135 -4.113851694595321 -3.5462887487495 -2.784714939603074 -1.9200896701545913 -1.2034942864952891 -0.9261524888642239 -1.0502960596204824 -1.4774862576597838 -1.9335906815082025 -2.159863962920538 -2.090716340265815 -1.6569272747217105 -0.6994026884321344 0.9418129139113525 2.742633248619357 4.17620747988135 5.076558015433699 5.280907440602741 5.010191417688314 4.485695211558532 3.6186368250254235 2.3184678184888545 0.7719453401398977 -0.8345000043989256 -2.35113544623899 -3.626269270833892 -4.576949932343235 -5.121894505438505 -5.347674222573966 -5.3360437551030975 -5.162135764015091 -4.822441124782126 -4.421349401163718 -2.971216800720968 -2.4793785669324593 -4.136271937396183 -4.653660114870383 -5.1756058880994775 -5.604923159750493 -5.90077636912215 -5.888624856229134 -5.010497667661318 -4.245016030033909 -3.329305834084277 -3.10010726616566 -1.7734337960233002 -1.2500302872328908 -1.7489032606665373 -2.5496488625032505 -2.7299438217994667 -2.985020993428712 -3.0019669866356535 -2.4329346145627855 -1.3507349938933622 0.9192472709402566 3.6847042342808 5.703164196608703 6.763300749797042 6.499719374844754 5.9232817469334105 5.433193861524414 4.5645775021396275 3.1736083994041198 1.5352695742281945 -0.41278851694991797 -2.373649967192761 -4.002846883539158 -5.1779230821961635 -5.782907828081402 -6.00027838070301 -6.007346802597777 -5.848331614715246 -5.47743584680643 -5.024374497573292 -3.383669102442351 -2.8061472282278834 -4.747327056610885 -5.393508451521958 -6.106476908364422 -6.798190539382599 -7.413913325433825 -7.8350915151940255 -7.763183937987652 -6.78775835577227 -5.643391152689615 -5.536663834542901 -3.982790998633838 -3.850858279866603 -4.20898172326787 -4.334071784580915 -3.6076241383149448 -4.074921270571368 -4.6449893515384995 -3.221573869321345 -2.903088771286833 0.43401672748217174 4.9637174193124896 7.543667621917442 9.326512468812409 7.759929190923888 6.969972730170269 6.247531446953053 5.699337007031783 2.6769476529031957 1.5252561155352125 0.3802787546505347 -2.550347055562336 -4.972638831102252 -6.488605742841479 -6.90199419757481 -6.816171573148892 -6.761106605746214 -6.590232979750829 -6.166639109799111 -5.647476460472397 -3.800328580064416 -3.109876333352916 -5.35494595383738 -6.151259552910547 -7.0924893646488325 -8.100317121382421 -9.065863742869661 -9.665217820683521 -9.699517175340798 -10.412596430055007 -10.275202470211603 -8.981259499982244 -7.804079124044511 -5.48494599390561 -5.266018884163147 -5.905209539817916 -6.303844652654632 -4.896261001059103 -5.2768264493894295 -1.5998981456991026 -1.2556059437879417 1.2896003123712092 3.562496993235356 3.8140731788860793 6.0725988068893875 4.547791724618388 2.238539831713364 -0.6143783732353602 2.935499013448266 2.0791045228968303 1.44123834239931 0.6916211844156047 -3.4733894884780203 -6.508873627653852 -7.311633509395762 -7.7940427784354664 -7.670257582075014 -7.559994468315747 -7.366652069084493 -6.875830958531494 -6.279715054958822 -4.213296738254062 -3.379754872884102 -5.935865356913141 -6.8962140125434255 -8.084034471664735 -9.4244564217932 -10.671987261275154 -11.308980870040818 -11.129383120529656 -12.207490647457577 -13.483111084868936 -11.909415733728787 -8.58350954493572 -5.4519024508360925 -5.657116064846628 -7.3626179465948525 -6.766416109402082 -2.45581071117066 1.8243290608464653 4.59722205395763 2.2575708290996146 4.044537240775081 6.848802775946528 6.663682882934684 5.722420527949988 3.1225776421569895 0.5993588693701156 -1.3943691415350241 0.9530425746387735 3.51143862638451 3.9378044659713614 1.03412453000566 -2.304025568984426 -5.058531799127769 -5.2302811406478575 -7.1200480763658085 -8.207897481371289 -8.330062147150114 -8.141756441270065 -7.589725874015916 -6.909873175591197 -4.614502332438732 -3.6044127560393395 -6.441975969726905 -7.553636406418729 -8.971334914155129 -10.625227456058061 -12.180400493427772 -13.1675960160096 -13.508300071441093 -13.223336857464146 -16.517705018803714 -16.258826123500278 -10.795579002953916 -6.133162356445799 -5.03094709916752 -5.257681730960084 -4.966857879979445 -3.918087328812752 1.723791892204225 6.337740225343012 5.555775839634233 3.2138562399057737 5.693046813132181 6.772756527972767 6.258802869017471 7.482015713553424 6.875015143490704 2.7942606232501093 0.8035141247003849 4.026696209679825 5.41148645789123 2.0605964502632252 -1.006234902171969 -2.874403973976946 -4.902568621266498 -7.229981220695196 -8.626078912999361 -9.144582173287203 -8.948303548433376 -8.316110310152762 -7.5374734675437685 -4.998333276054808 -3.7724783990072885 -6.825198285172761 -8.048770137437758 -9.644769280558288 -11.55708217360072 -13.53683734285721 -15.333193364727684 -15.30861479807719 -12.025970737323284 -15.188798986674604 -10.163564506810449 -7.44741565462427 -4.832929483032802 -2.160550464227572 -2.602856633121725 -5.325647587705852 -7.637544414001747 -3.758282383014989 4.822268582458659 8.581890914705493 8.005529241275315 7.722876027450405 5.968345476220999 7.849159268596716 12.058267731869531 12.85064742819899 6.547146989237763 0.42406722320608725 5.3704124528313475 5.8751803804140135 1.230554218342406 -1.4971400311181524 -2.9845942325297634 -4.590242375163696 -7.788616699229021 -9.467708818799824 -10.07028312400118 -9.813325396531532 -9.062150093636122 -8.162024546138147 -5.359166566878795 -3.875819457443508 -7.0633713200764685 -8.352193560004322 -10.049745352043793 -12.10777526369923 -14.4003377886691 -16.89129135852963 -17.513256847271325 -17.652440961763126 -17.43269394997765 -8.300747599432084 -2.1975056879107684 1.7455340434964743 2.332088475092334 0.7623452384291617 -4.193844022247599 -7.105462630177696 -2.804248710067923 5.3089923702617146 13.751773379828961 13.22765839614443 11.25668865168315 9.305024983332524 10.891327128920414 17.386324931715237 16.787581680174654 9.939914561868406 4.753233843483287 7.825187330494669 5.848591253304207 2.2806613392522395 -1.5240092897258428 -4.064098471602984 -5.343416050083655 -8.20539845435826 -10.682898090374646 -11.065322139033954 -10.71192392071906 -9.803220004710438 -8.750924685206822 -5.676049317460157 -3.9063036514475833 -7.134316556394622 -8.434543831195185 -10.131979583565574 -12.165626282527718 -14.430747152348388 -17.123856262954572 -21.477084741430875 -19.878657423705032 -14.634480004402286 -7.698836010186736 -2.5517327771494704 -2.3343648199437936 -2.2333912310296133 -1.1867329279612604 -2.656105203271503 -2.8338747892973766 2.2780732171563294 8.58861620112803 15.529888987184629 14.617986215009733 7.737461517725257 6.318251479098347 11.170273734106022 18.424943154783595 20.88473933343754 17.461820964234487 13.235735992720778 9.403516129614857 5.2312765355833575 2.3100638921387238 -1.6988116036489795 -5.243091941700353 -4.785746033003348 -6.820505960777941 -11.001872693245106 -12.182875199181552 -11.631052825182337 -10.51481809751294 -9.271572128010673 -5.928020562188203 -3.8537237234509796 -7.025791488076895 -8.290367246179722 -9.906334039233705 -11.786423064120221 -13.796378124979448 -15.813094718738364 -17.561578547515445 -10.311568959043813 -8.049823396830114 -10.308176038114183 -6.062318498412923 -7.341746320249657 -4.761490509747908 -0.23318959762715985 -0.46698302646684 -0.13717311774874055 -1.7447051266667264 3.323905361600734 16.499630817080106 13.343325032122742 8.862322932624405 10.596770604871434 14.927194570953837 21.587488482905464 23.877107043618757 21.656814156062747 19.587818639273777 13.273490932830079 6.791693950995159 2.9204026459522456 -0.11670153044173856 -1.8129491516229057 -4.827481839882891 -8.136840113090084 -11.640464966405036 -13.6692838161548 -12.213021295116626 -10.946287234384238 -9.581511125381832 -6.0733675734419705 -3.707852723401219 -6.725580069645428 -7.914427474072587 -9.388527561032543 -11.028348054812978 -12.663263464189775 -13.966313469441257 -14.292498615828563 -11.627565328245248 -12.740329565856955 -14.880100919991062 -9.872778513321467 -7.120885139405274 -2.572074771356087 3.529949821352657 1.7337745011825696 -0.33559319400434984 -6.687876227039428 -6.35045528381671 11.334501237265773 12.308472562059663 13.0546997558666 15.343133328443402 18.02132181700365 22.827143439210044 27.35365905654149 29.56771025959048 22.000354776547923 16.695927386171213 12.629153447748067 7.546865324432533 3.9247396464524913 0.9064185631054763 -2.835634121344394 -6.912897804520685 -11.111159153554166 -12.841639324241418 -11.952418362743192 -10.846846908350365 -9.538319575739425 -6.070337440734734 -3.4779483593843126 -6.257331143088518 -7.338439932793606 -8.642006539554842 -10.029945771739316 -11.320419219250596 -12.187369167549361 -12.771599473108278 -13.110046906600823 -14.622509502538687 -20.880437827444016 -15.18620330013232 -5.812474688112812 3.7882280925754652 8.198709096995143 0.20040763220622596 -1.0314252559632417 -0.9204562293697895 0.9804547268874152 6.906948026825644 11.154831124201975 14.63371625740605 17.437775339961785 19.971927071357854 22.745086620115814 26.369495371819735 32.24467192200523 27.199920251459925 16.761093683273792 10.120968925898653 5.316274273461981 3.175974476115428 3.6253089704354924 -1.2651539235949996 -5.722869863988819 -9.752869381267944 -11.399026388240257 -11.22674367053582 -10.330408709572081 -9.183338244297099 -5.919806292734936 -3.173069651540232 -5.644412257054358 -6.593894301847741 -7.730213088039791 -8.93020496344501 -10.050757624440026 -10.82035447817518 -11.394311436752407 -11.916134809311322 -12.566322237674223 -13.24638895475848 -9.856717441231241 -4.7216525150861655 0.6478259312849837 2.8857090078269017 1.2482984585591477 0.8441876315789646 1.2022516074745695 3.4353427912733903 7.302037920922035 11.217821396347636 14.685222593615306 17.449469152240464 19.764730015698113 21.88487455705519 23.269351319983137 24.91386647568698 24.28279910422487 17.75394708238969 17.660109388249943 14.12937644576897 5.07080027332142 2.257125452314412 -0.8441553133083525 -5.706177724833777 -8.996019881762521 -10.079995738061186 -10.168134305827625 -9.51176907430317 -8.557594310834792 -5.622330291374848 -2.816380667602532 -4.94425389334004 -5.751340794331409 -6.7225634438514374 -7.76442713469145 -8.78613493036618 -9.583118271680148 -10.097439952926209 -10.272796414751678 -9.906186626146592 -8.795972316628111 -6.811967661723816 -3.8287269498596554 -1.04249397027821 0.3331840641590884 1.0306962857608293 1.8057179848436016 2.6397870928190157 4.306992990408574 7.755682099938905 10.98657111134792 13.799052880039966 16.17673094178504 18.161422483515423 19.769103312931506 20.801932403519793 21.662145528860478 22.27364061508495 17.378182323087042 9.957430005144253 11.065388602466395 3.2721955267172746 -2.913726190005199 -5.4765339265965425 -6.384094870708276 -8.794300205336178 -9.31527809956779 -9.136980514234104 -8.594803527666286 -7.803288146985585 -5.230283961721116 -2.4283075284330997 -4.209662387178542 -4.876097965201929 -5.682268327135348 -6.560462620550054 -7.449658938298719 -8.189904776637798 -8.645033705702701 -8.685331242009948 -8.21124290998116 -7.1316185872731 -5.556489249702645 -3.598125491718764 -1.730228014336192 -0.430599904941439 0.7009958783707385 2.0776561321011853 3.7638568567829407 6.593267847821699 8.251036424994542 10.158970401492654 12.411407908893823 14.419766339662074 16.087361457934072 17.284892872969063 17.867582220570984 17.686642073582384 18.527969334627898 16.210972620754124 10.480495389610448 10.599218729172794 4.373894097155278 0.5894472951673521 -6.261627500114251 -8.40407927063327 -9.212022690316699 -9.012184441268634 -8.39393563409862 -7.7760477229134715 -7.056348008949971 -4.791750794275677 -2.0533910443622445 -3.5199435025457992 -4.060442171748943 -4.715417044022758 -5.4358084783435086 -6.177028115641225 -6.815647466694954 -7.217610204959582 -7.2444819512709415 -6.862303767003867 -6.038444100395829 -4.8945219041721275 -3.5520574716087574 -2.1550035821690527 -0.847722029253354 0.5028513500997202 2.0324543156699284 3.723132834407411 5.57735053849717 7.272346077852173 9.084104991877483 10.89632426915211 12.54381012392186 13.867551715666643 14.699973845883934 14.913119589598047 14.44624718171494 13.804390239246766 10.258225501656005 6.733795287316283 4.2541388596460745 0.7192742398954673 -2.320763982888789 -7.2154253124168255 -9.620320450758664 -10.774559721821669 -8.9971237524313 -7.801896614702137 -7.076752154005982 -6.395082581529027 -4.3798016411169405 -1.6980620104114397 -2.8895722148295495 -3.3220414439054102 -3.841512825634333 -4.40805847574096 -4.989730752913841 -5.490966450750678 -5.804770562834572 -5.819558394931138 -5.5212525055152915 -4.895481338695135 -4.035037310716555 -3.0327037837364523 -1.9179811654544712 -0.7204421341439741 0.5811083107868285 2.0078317626932765 3.500427191228284 4.999388970978834 6.503939508652617 8.014246907568504 9.447479909287905 10.72031902778975 11.67064038780085 12.136130910967838 12.019449015965563 11.226494746899105 9.645199240267955 7.01347776766613 4.261178779674183 1.2791546215348977 -1.5189142582021764 -4.684815910820258 -7.384216796047411 -8.392041526295586 -9.17353701621327 -8.004823788638648 -7.1042501123675885 -6.4203852951086695 -5.810057351384852 -4.007850525353174 -1.4050597236717657 -2.3821117159381995 -2.7320390376387045 -3.1458742841229372 -3.5876414634525267 -4.033990933958119 -4.409357954334975 -4.638295451419291 -4.641608014733959 -4.404877030520202 -3.913423673632332 -3.22348493519074 -2.3912525967578366 -1.4405739615376936 -0.3953891294471488 0.7416275947048686 1.9677481844666562 3.245453942831305 4.537319803497471 5.819507182042638 7.068239870518022 8.21057935777836 9.173500755732155 9.81434115097482 9.990297479028353 9.64073920783049 8.705186232821491 7.20162261260139 5.147972842044457 2.7282424854257648 0.1283356425800127 -2.449442844573585 -4.813254145076524 -6.5709688936925925 -7.350765793930715 -7.442578221879814 -7.030987506946827 -6.438338281429743 -5.844669099216814 -5.309529533976587 -3.6814363371688743 -0.68630262708016 -1.1582339716088228 -1.3218100059599995 -1.5050847600478292 -1.6843515699800102 -1.8510693002086616 -1.9714415133611671 -2.0239072728089362 -1.9850929640056296 -1.8475617321802742 -1.6037463528792901 -1.2650821331994706 -0.8429978819253917 -0.34612121549488367 0.21691955599169654 0.8394199070403396 1.5146769832875149 2.221617014389907 2.9391665536070732 3.627411077609865 4.246455479707255 4.749420398073409 5.089432915773621 5.184381513798272 4.95215651240737 4.38846198451362 3.488991854422879 2.3167249153509184 0.934647443646245 -0.5463828073501417 -2.015507045480972 -3.317935866471495 -4.2988576277305235 -4.921250724144333 -5.147792028049072 -5.070036409489184 -4.7752619808717 -4.4006535973841086 -4.023963003674814 -3.6798175594383613 -2.575032354869281)
(UseCyclicTransform "false")
(UseDirectionCosines "true")
