(BSplineTransformSplineOrder 3)
(CompressResultImage "false")
(DefaultPixelValue 0)
(Direction 1 0 0 1)
(FinalBSplineInterpolationOrder 3)
(FixedImageDimension 2)
(FixedInternalImagePixelType "float")
(GridDirection 1 0 0 1)
(GridIndex 0 0)
(GridOrigin -102.22587656061765 -104.38950874480636)
(GridSize 29 26)
(GridSpacing 80.239824557798 80.31312160766805)
(HowToCombineTransforms "Compose")
(Index 0 0)
(InitialTransformParameterFileName "")
(MovingImageDimension 2)
(MovingInternalImagePixelType "float")
(NumberOfParameters 1508)
(Origin 0 0)
(ResampleInterpolator "FinalBSplineInterpolator")
(Resampler "DefaultResampler")
(ResultImageFormat "tif")
(ResultImagePixelType "unsigned short")
(Size 2047 1792)
(Spacing 1 1)
(Transform "RecursiveBSplineTransform")
(TransformParameters 0.3414736797331821 0.5912493142880171 0.6687379500999439 0.7484366309729172 0.8176499773171184 0.878168182305536 0.9183412408827575 0.9421638646550274 0.9526663080346894 0.9586525326425245 0.968857227157636 1.006181030667761 1.0935215364831554 1.2350595626095404 1.4349752516146983 1.6835047433743562 1.970878920025383 2.2794062030605104 2.591396238422425 2.869492401667862 3.0763245736303606 3.2008625755795883 3.2318110390022357 3.1658532401600192 2.9960342776469098 2.773408369383374 2.4983623789977005 2.2195125179802373 1.2798142847291092 0.4543521042087201 0.8763996602329467 1.0104959941804954 1.1433733135583422 1.2458115850557399 1.3204531128823356 1.3472533754750193 1.336165609901094 1.295523538389109 1.2459533716193332 1.2079483172406593 1.2352032354593923 1.38137075506861 1.650597125130295 2.046991618235664 2.5359950418348647 3.0830116004756767 3.653095313138414 4.211325321670025 4.704048414082299 5.077585497764293 5.314814847954599 5.398177349788815 5.315680723297069 5.0491955437610185 4.684826051315041 4.2223878024136345 3.748558745374408 2.1476369216308213 0.4648114186658954 0.9456745711118895 1.1006829535246134 1.2537548181540383 1.3690674371786167 1.4483370108260332 1.4674615633456423 1.4357846446179239 1.3608323410046654 1.2708258597753581 1.1939478683233193 1.2021720669382154 1.367249942172348 1.6961140821749996 2.195426590453635 2.8043958086688767 3.4620520438588676 4.129270465536264 4.7668967164210105 5.323514960796432 5.747567484000573 6.019569528490379 6.119599071181786 6.031323893871961 5.731468072543082 5.317999613998313 4.790888356599924 4.25035689482837 2.4277584693026912 0.47087306574477894 1.0362294789755135 1.2226850447766606 1.4097384912104953 1.5544312022080555 1.6555827296822565 1.681691273117308 1.6291579718964269 1.4924262492642635 1.3081328688372156 1.1133903949694048 1.0317125332415376 1.1859978486084057 1.5821210800137184 2.225375522891052 3.022320492124896 3.8794947750858673 4.739962340063723 5.546737141862053 6.236133019653536 6.744844746606876 7.062716098626654 7.179212015589429 7.073462582832195 6.7169034520968465 6.225798307332648 5.601595735617693 4.9633364476496205 2.822854784680588 0.4480336396511499 1.0926119905633498 1.312128850498274 1.5441699955419197 1.7454427070713519 1.8996390303069575 1.9557839031546027 1.8779885827595557 1.6288229961054372 1.2829902952412724 0.9161869309541854 0.695338457231279 0.7859480771339004 1.2593754566478268 2.1844416332043015 3.302237415987639 4.355219854753711 5.331248228319401 6.221055867589171 6.990568917720556 7.60583464999837 8.017734185429132 8.176218702539549 8.061867926375255 7.646920946395721 7.072627087596839 6.349847978392525 5.615765408066214 3.177374153579322 0.3921006961094942 1.113371331869453 1.3710436951619638 1.6700605522340166 1.9785911422629683 2.2319789792879097 2.3265039998511194 2.1809166247835887 1.7134736494389726 1.1310854975288047 0.6422746445065712 0.3625700894085681 0.4077433094504757 1.1237136837938726 2.8508576169218185 4.678077053324104 5.697621372370707 6.253137906093389 6.694484115159869 7.196413551369252 7.931391316668186 8.615893097082958 8.957587935541577 8.929018024600472 8.494143745526237 7.843705336247078 7.023684020551952 6.194319357760486 3.480915351246374 0.28542881239420775 1.0546314697378842 1.3456787959103262 1.736908854329791 2.235209046179325 2.6780796275380725 2.860987999281467 2.6082415035253295 1.7497369767796327 0.7910925459253662 0.22475996665855166 -0.08732675145170347 -0.2689976774349336 0.6109733548936078 3.605501033152139 6.604857585661993 7.48853254905085 7.246459444193205 6.784471353814605 6.710776646641883 7.644683451552825 8.482001077052375 9.293958470054232 9.627891080205414 9.168327200435591 8.427731715442299 7.516243090795075 6.60774668186918 3.6856448094850434 0.10290573203525709 0.8473112481883484 1.1503491475319758 1.681368494622637 2.5560461482434134 3.3973094695175234 3.7559004441461195 3.420439339588392 1.8610383625642273 0.22006207669739195 0.29838374968455095 -0.7497744867179421 -1.642655863075875 -2.197334369534491 3.524556657595461 10.17941657481495 8.826493063534846 7.446548179997615 6.10479167567915 4.043645224976945 5.907475593453914 7.670236082370795 9.36378115257679 10.3958774771548 9.697494970531588 8.749526617713578 7.734156563813581 6.7825594285840705 3.760690833299144 -0.17577992040721957 0.4283386535130257 0.6949485582785988 1.3428864259661508 2.6424783507964817 4.098162216690084 5.193029445994837 4.4599922725141194 1.8008604821494656 0.3182943242972267 3.4670048350930665 -0.24573683079465886 -5.267643888328124 -9.531288375752098 -1.8979754269100548 16.434940265474367 10.223822654106105 5.776697359773735 4.953208481195529 -0.03464938771399671 7.879930131324918 13.227700823250682 11.425539598101155 11.000575096707273 9.87648154079454 8.669734869184625 7.5768851116875595 6.6388545995675905 3.6698447959041145 -0.5808901816719552 -0.3047093559739284 -0.17556327423742069 0.3751675267709958 1.7115326331305087 3.7318016399754654 7.699428171145707 7.690232588984641 -0.452853370801584 -1.352140284092423 0.6998275288234082 -2.448692976182524 -11.25298424851804 -21.505009553897636 -22.80677426505779 1.8042130192856518 2.8936164680881036 3.285457276961062 5.241332052974575 1.4575234480115717 11.388916869635509 17.934799951691527 11.894836112519858 10.56806214981475 9.227545739658686 7.941332685404607 6.898761276545964 6.060856791033785 3.3606304005463827 -1.093963345657226 -1.3067482788599079 -1.4094552990530183 -1.2049171780593906 -0.2621387296099803 2.5339582934740497 7.594781939026403 11.893469664749212 4.700263772200581 1.5698612301034574 -2.6784983929360404 -8.457957802428703 -20.857107637372266 -29.995796884246708 -30.548458629941674 -15.282821279732852 -4.909941755206365 1.9954907875255876 7.2378657682251 14.939854569914733 10.858267911666424 16.777024245215102 10.412139632221447 8.647034931027019 7.528406661773808 6.519870806992707 5.716782779166078 5.066732850085557 2.842107727520383 -1.6470016190928867 -2.390794849696458 -2.7667662193702567 -3.096100602835122 -3.0324775104452217 -0.8982513468237145 1.3155862079697895 4.454852169499129 4.439952483263915 4.049942773023742 -3.7385644763929133 -13.948052334864727 -30.104262929442534 -44.43064409067465 -36.25324301344521 -21.952263163764137 -9.95610998197299 -0.4948509707915016 7.734358978017338 13.148692878781878 2.180267012247673 9.581946753556075 6.265290565918667 4.576204874400026 4.513659452887471 4.476408717071718 4.199845942504329 3.80473289645873 2.185052219056179 -2.186042554673797 -3.4158461580626964 -4.063807038299742 -5.001744885876907 -5.930523338336339 -4.017943415219884 -4.134949656208825 -2.1855648471970834 3.9745040557135085 4.181613037224643 -6.144218656092612 -12.789593358242302 -28.06033624048953 -44.32556347740895 -38.28724531092148 -23.51815095400186 -12.713353721701672 -3.3216992824665423 6.61770458347277 10.867059936272915 -0.17848023128947066 -0.3310580323140359 -3.375843233344435 -1.6078744897886459 0.8546289262267549 2.1342567721644605 2.518757799273871 2.4027841840911224 1.4436538213952617 -2.648131331264062 -4.217459392862125 -5.1035648329226095 -6.307370947219669 -6.414284032615277 -6.872522425514608 -5.234804697782589 0.6656140675268221 6.0456180473679035 3.426515843509111 -4.522038192561481 -11.239520882302237 -24.060653174545582 -41.64687807834363 -42.64488933297456 -23.823043059939774 -14.222494803070513 -6.14629192006832 -1.5677182297891685 1.2766510303288956 1.3551248124732198 -3.3597908148966145 -10.608965868070323 -5.325680635380385 -1.357399031714237 0.262018124496467 0.9211109073844594 1.0199702497748664 0.6732986963025949 -3.006460693029538 -4.72694764639041 -5.756436567700355 -6.662653462565671 -3.884013893037658 -6.383147708666814 -4.210905776779104 6.015218735954158 3.472321236767969 -5.715601155215063 4.463969102485137 -3.7702227947194658 -15.5677643417992 -37.26627383391734 -37.75843191277514 -21.450037928706674 -15.045106702705558 -7.995275230794566 -0.6977388500731541 -3.2415740823830124 -2.147459072245194 1.003225747484294 -5.783808712695815 -3.7858335580137643 -1.9214129708760377 -0.9961609761275717 -0.48017245527660535 -0.24887507501584272 -0.07582756482618118 -3.27799666310996 -4.950253407541067 -5.894805382074403 -7.151546000945391 -11.239186508802796 -5.877018240763928 4.518786707317327 3.3055451407559975 7.501328025689011 6.410719600476707 6.592355087011856 -1.2988749554652441 -10.288084171416326 -26.24468980711761 -26.451237537060837 -17.17330651349777 -13.460355638636042 -8.955209913289432 -4.099921710092624 -6.96729677118036 -0.8691090422204948 -1.9528047901043286 -4.237903224920989 -2.987712980410956 -2.5184445015608277 -2.110288813812398 -1.700601826078274 -1.368814595987715 -0.7570578062523234 -3.4399810667490467 -4.906150153439341 -5.630897085955626 -6.2345748015114015 -4.812994498426972 0.5666138247781249 3.9842512000791546 6.520476355542817 12.0715279936476 15.373619925055706 7.534793504089509 5.413096890533032 -1.8480553258747499 -13.901251468157822 -12.035715237497358 -11.617477933453213 -10.41772736485191 -7.657069435794677 -7.090693818514063 -3.009311782941269 -1.6084240549265079 -9.057428430888855 -4.555524649528945 -3.8611024089057477 -3.5515058708490015 -3.1578525732499405 -2.7002570148380878 -2.2869779073622034 -1.3273130054668651 -3.4242987681528025 -4.656102152296141 -5.313599925911214 -5.035321947673858 1.693852141036187 3.9413670500751588 4.774686323442136 14.142609472109529 11.408269702797687 14.566828099109998 11.148683201958953 9.599208511717896 7.531418812609067 -0.3634126559432089 -5.110292361192482 -8.018865692208257 -8.521122555268368 -7.66357325335095 -5.9223960065796 -3.2855842498441006 -4.048104227796711 -7.318429126246338 -6.372831670351412 -5.668225868336505 -4.520461196512474 -3.947972565617739 -3.3993545458205223 -2.9310487693178238 -1.736719203769908 -3.2275027508751255 -4.219969035484897 -5.083660974491617 -6.0826274996347145 -2.15435363348343 -2.8629259911799556 2.185879715927603 17.16027632747193 9.589124337086307 9.226953782842813 9.461241834998594 5.148657406013508 1.9592474327370397 -1.381040851670892 -4.447723763611862 -6.6175610412619505 -7.556570028969599 -7.514587146147771 -6.708200525242522 -6.008021884762756 -6.394191035014671 -7.023075384963969 -7.059912191643732 -6.226438081423033 -5.163121485953172 -4.416915453164687 -3.7895970003846657 -3.29511886324516 -1.9781755715505447 -2.897234367928229 -3.5649916730283335 -4.638725866649924 -5.158219648328475 0.2437459741380036 0.8948378891363385 3.0298088049297855 7.646430213456634 7.785051523545832 7.103855701080042 5.384781647654177 2.8294774281519346 0.4156051854109801 -1.8819865669967206 -4.064212212875048 -5.776307178026603 -6.746034106387693 -7.0976926509131015 -6.962603249342137 -6.770836178299416 -6.952739958129004 -7.101004187388156 -6.760786584963814 -6.087046118878464 -5.290738547106876 -4.543306153801044 -3.9236556660364696 -3.437961783937868 -2.0889491448192796 -2.4882367931093308 -2.734506971711358 -2.999897126946806 -3.8888171469549593 -2.4720761314629827 1.5452104143923344 2.4094030989056567 3.4494704458018917 4.189366130233994 3.8081545476593384 2.567050398097609 0.9103347333738373 -0.7101525371363051 -2.2843330908758226 -3.7964176036685124 -5.058747330927504 -5.894556436701657 -6.340344520559354 -6.437819700547834 -6.391701436910847 -6.403264662127534 -6.333271835892834 -6.024182148574266 -5.537664894540611 -4.954507546959273 -4.3816133683846745 -3.8533562236944956 -3.4050528047205315 -2.0933900646135823 -2.085923547524074 -2.007456035616524 -1.7162530811886494 -2.2537006470910037 -2.6958430793809947 -0.7873825327215214 0.6618009492796266 1.6326336571729283 1.8973104708095294 1.5691920133267336 0.8021846687056301 -0.21761783301737078 -1.3061833449318976 -2.4065150934235 -3.461100183007347 -4.375226304532607 -5.054749560951654 -5.491241451610942 -5.678310410724734 -5.698030855252827 -5.632452281758227 -5.481103349783292 -5.242686679400681 -4.920025899737407 -4.511294388337888 -4.085221231099173 -3.644902506066757 -3.242997056839694 -2.0112700875214977 -1.7353711893864392 -1.503062713202848 -1.3794604498047247 -1.2051679235587085 -0.8851256633510246 -0.3191633301471498 0.3460608119996862 0.8588625105376941 0.959592109908002 0.7123242577626577 0.18203113797737167 -0.5299021474682066 -1.3234108433459353 -2.147137824384603 -2.949493318589412 -3.6696538608369176 -4.246648339534636 -4.663819252669984 -4.905145965742278 -5.002290142009156 -4.987297605498328 -4.879650807466964 -4.698190803199168 -4.441337304702076 -4.103126813250419 -3.7434789421936 -3.3617757602730265 -3.005238734454877 -1.8734500477422829 -1.411619731937468 -1.1112775835596864 -0.9599747051290822 -0.7432902778359259 -0.4653104173740401 -0.1316568756975426 0.2357782882845812 0.5025490822788865 0.5338375135352972 0.34513171144422544 -0.04755000286504274 -0.5769838549649418 -1.1763473231811477 -1.8063266153450588 -2.4275421128950216 -2.999038688538427 -3.4798045780246794 -3.8548940209805544 -4.109501285144273 -4.254156693497775 -4.2994878291452725 -4.254394885743332 -4.127481570528896 -3.9228875351844614 -3.6408491912986554 -3.3362458159856705 -3.0096769881748715 -2.7002949094098687 -1.6882674648557692 -1.1981538690626254 -0.8827521572093588 -0.7135469831722464 -0.49401611659396505 -0.25603363995167683 -0.011852652703026281 0.20988027722295483 0.3430175415692503 0.3203013727058876 0.1449746873055749 -0.17973805671638313 -0.6063392679060045 -1.0873993965188429 -1.5934961118116275 -2.0950927899579765 -2.564855870208062 -2.975364552159198 -3.3130063768582954 -3.5642214929450002 -3.727625621187336 -3.8018483246250434 -3.792605315085929 -3.7053492482344996 -3.5432672213604057 -3.305979144662572 -3.043547373765938 -2.756118652640461 -2.4791417791754093 -1.5521218437051094 -0.6431217677969314 -0.3967562103438262 -0.2668976394462615 -0.11229241158461234 0.029662157019392583 0.1495139115667162 0.22498316286422365 0.24651264235803869 0.20362943731522345 0.09678796095188855 -0.07362708689615127 -0.289700148294253 -0.5335247468718911 -0.794272822740255 -1.0611173243848173 -1.3254847275089225 -1.5787950054374897 -1.8117853814917273 -2.0151746180083285 -2.1764614515098946 -2.283139731141598 -2.3336694972621714 -2.3263369700730547 -2.26176178577474 -2.1381871098903438 -1.9888618024488922 -1.8138409089799405 -1.6378091203952188 -1.0231933496113945 -0.4039154697826641 -0.4432681706573979 -0.41397418044175016 -0.347369140177395 -0.24064505226684355 -0.09166991420264095 0.10414078806045118 0.3446915057105919 0.6280614840959251 0.9434850204877457 1.2802112739774516 1.6108218923239774 1.9078958607599446 2.16191039767002 2.363342013952219 2.5172537849138177 2.6287070356028903 2.69754235096916 2.723600515903782 2.703003958063895 2.631867233055116 2.514217050970843 2.3539219014399233 2.159181731587404 1.9360086197400423 1.7153468112787418 1.4976730512769487 1.3054752474698335 0.736905653067096 -1.3030204550288491 -1.7215091142966532 -1.7727147625126685 -1.7624655576131378 -1.6741082728023506 -1.5030979770752784 -1.2217185299335274 -0.8272042677302689 -0.31516414162117745 0.2859734992332038 0.947930871728525 1.5884610923478977 2.125373464522713 2.543566173523176 2.8279720813708744 3.028940602948526 3.1968474997475775 3.3353325170872608 3.4480166207163574 3.49817205890592 3.4490824355803116 3.30537293374004 3.0714813153221203 2.7720335508914027 2.428891518901601 2.088295733093061 1.7576043225156657 1.4773966301563262 0.7462942414720917 -1.7214008870727238 -2.327552434994457 -2.4207169498289645 -2.441821279867703 -2.3667916342080635 -2.1902585179428478 -1.873394675161838 -1.4114854290417693 -0.7977027189771044 -0.06568005479503125 0.7510745581686432 1.5322703078214586 2.158107141888247 2.613873579293465 2.8851898852718856 3.0591291960075595 3.2227664293858167 3.384186575791892 3.5512935193529223 3.6639788858892017 3.6620183848848153 3.5324877046091396 3.2624328536404565 2.901363109361205 2.496168666926374 2.098586359010096 1.7203392935720636 1.4085475096991027 0.6517462198079961 -2.3199551654980635 -3.1779966015162935 -3.32149698645246 -3.3746115168693334 -3.3043522888098766 -3.1042049687955737 -2.720332852389756 -2.1447837179560505 -1.367071778152931 -0.4414738125695951 0.5766226528178022 1.5289410738509752 2.258257058643925 2.752349383076438 3.000258625941808 3.131131729275806 3.2737644036415303 3.4536904935700905 3.6957526678714134 3.913255431226209 4.019012099534694 3.9352189556996104 3.585171568832968 3.089905833485168 2.5685185217500446 2.07787040041586 1.6338143252794584 1.2842389097902958 0.5064594096886079 -2.9316940048983415 -4.023917747517758 -4.20442480736846 -4.2622017231222316 -4.149081883086811 -3.8657661345362357 -3.352982856027493 -2.637522080247283 -1.7409840863050525 -0.6468391769379129 0.65780817248625 1.877805992568781 2.7179462946156137 3.1812226156522025 3.2743781911469605 3.222897217410811 3.2523170134401016 3.4061702979135657 3.7264256723896736 4.117634594222497 4.482910700965639 4.552903204438521 4.057613132747041 3.29880583973261 2.5775487624165216 1.951444520465769 1.4386510368401562 1.0662023797682432 0.3098410904645492 -3.5370676124072298 -4.818016344047747 -5.008142900325568 -5.008730742616172 -4.736477876259065 -4.219271556410429 -3.4156507937030876 -2.520920264690229 -1.7197307402017055 -0.550785702105804 1.4453340445963494 3.416848005709225 4.4969464791464295 4.749767530190522 4.2645141874800965 3.5745339382473 3.2060955626397436 3.1972744287758283 3.577044389261657 4.318861241613275 5.399466348554048 5.973262508295548 5.172268990126192 3.7898462385780327 2.6242036260483914 1.7279947048702582 1.1181364550249846 0.7441015017120536 0.06254137355931787 -4.094696771316701 -5.517009935462385 -5.696362447172977 -5.570055716385013 -4.978765234426054 -4.02861559026507 -2.7560236180716613 -1.679594759038347 -1.2927123678253334 -0.28000750576666683 2.699538912039363 5.8979467522137385 7.4045137156512375 7.184935497043971 5.671920494213764 4.047296712807505 2.898300713589938 2.6222156873906592 3.098997992975356 4.191501166933516 6.442608091790578 9.782878812887418 7.2748553855363856 4.261097490953846 2.549277650929754 1.3388761062597474 0.6429763773995587 0.2991611461818953 -0.23635554381269017 -4.5983158947952285 -6.163270473820211 -6.343827300712988 -6.015509688907219 -4.846618800865575 -3.0880481566507716 -1.2213505667233948 -0.20570148150848938 -0.31605764706060985 -0.9053506402849221 2.1952762383459676 13.877867675139816 17.98927047422111 10.877380705591472 6.4436857754896275 5.595266576564446 1.158023995074774 0.981842126937029 1.9277638877435253 2.4670961392062565 4.709256190516928 10.336598197729838 7.325083924590511 3.7162249589970293 1.9017424954614728 0.644919809984987 -0.013792459118475483 -0.28567861736501465 -0.5884891744662273 -5.028565575321094 -6.77112885591125 -6.999313565051684 -6.496831843248151 -4.7088704451175065 -0.9771549920263766 4.177621081366078 2.098101444984424 0.8340537639203756 -4.399711986174077 -1.0848453422191586 17.47543881235615 21.9015434245571 7.82293662345897 2.4612965619270537 0.06837926367482441 -3.182250184063186 -0.6888146807101685 0.47485408065882867 0.24650150382979233 2.1299350136994377 4.5455060995568655 3.556310897186613 1.9183525671381843 0.5476581307588826 -0.4104488494266437 -0.8759317809741063 -1.0252141941418187 -0.9947275152607991 -5.362205659509784 -7.368577032559654 -7.732801588785013 -7.307418367035439 -5.406371976398668 -1.4672730151910254 7.138789032078927 4.331384922392039 -3.010793531856322 -2.7620359793361464 2.122052103337484 6.613125394347709 2.961123303310561 0.006945993197164492 2.216876067393476 -3.477041250600746 -4.8414179956149805 -1.7054282261570937 -0.13696090685603665 -0.007901402016814852 -4.860656621367934 -2.051390352531935 0.04241077459321401 -0.7650418368416063 -1.4309816667932733 -1.8558104808352913 -1.99406621537966 -1.9539986569106085 -1.4618939577376524 -5.579491597485373 -7.906256381971359 -8.475083336185891 -8.380086335155113 -6.897652680658889 -3.6385103332963356 -1.0948828089304163 -4.43330514679067 -3.100266624987455 1.6691742505253302 -0.36103768439103073 1.093511200994212 -1.937279042302803 -4.341735204939577 -4.3253387330817805 -5.58577609822281 -5.484911206979423 -2.4859036641503622 -0.009487413292918101 4.100493957417678 -0.133653662683767 -5.034996246959671 -4.046305165648442 -3.9815044228016454 -3.835044998485663 -3.5806155371570996 -3.3012771722630183 -3.021491997739719 -1.9721436424375345 -5.662789053685566 -8.271740361827684 -9.096558677721696 -9.456091818056535 -8.576995195233023 -6.5437340096613505 -7.072812405172096 -6.392935945159179 -4.689147454407784 0.6132986964554302 -2.5786381644124643 -5.688551431056821 -2.783684593123583 -9.53403565083833 -13.148957363604497 -6.815698824347177 -3.945704637796627 -2.341026245105119 -0.8852388373137455 -1.6928159804300773 -3.494588600532719 -10.305471930267862 -9.437653166095465 -7.314640215197691 -6.293739570749796 -5.319986161385903 -4.610467732876915 -4.0905767017098 -2.4828283219214 -5.596452774645717 -8.354072326259729 -9.420551718064063 -10.242079975903854 -10.057140855657854 -10.07626160604379 -7.418947681547608 -3.6675994142033588 -5.234709413868081 -3.244203258175894 -2.5918715656401083 -4.103869916793713 0.902584956630556 -1.319623707608521 -3.532431400877827 -3.272804014869494 -2.630336679853327 -2.439021458655593 -2.1206458250654694 -5.850415754479175 -10.301766733567666 -16.418285435960538 -15.962129143506868 -10.369064831174988 -8.415000151722849 -6.835331044071624 -5.766380873374929 -5.047361456194277 -2.957500318299521 -5.361741094998498 -7.994123987132821 -9.1786487547933 -10.253826454653941 -10.859526614791385 -13.89167042910685 -11.212148515855798 -2.1783121096337794 1.321471157351503 -10.63268471780441 -5.787420381085419 -3.1331402853390893 -0.8613418057479417 2.039725231897287 0.7997915664706786 -0.1985675917786175 -1.1735092175404032 -1.9143963396963144 -3.8897716813819425 -5.249302749950264 -7.038656508211176 -13.475409079743502 -13.891136951937142 -11.161675487635257 -9.631351170934806 -7.808839545752945 -6.578095949620036 -5.753465305988723 -3.3549267569704475 -4.961238989474246 -7.1748577751809774 -8.325202414656792 -9.093507574870355 -9.399671808383019 -16.08583031575504 -10.856419274130852 -7.073622141195559 -12.531686340737904 -8.245688447870458 0.7136967075261339 -1.4249068233110185 2.5971499340974598 6.3132258769263645 5.040173868088814 3.525806762073328 0.42420949662464724 -1.0969672600498235 -1.057305477934902 -1.4201791195532447 -0.8678790580023067 -8.851250476908625 -12.37570228883508 -10.907210007334061 -9.829634098704048 -8.16663895043196 -6.992547286762918 -6.163970102155366 -3.6505748490985632 -4.417576243050675 -6.011800060078204 -7.026978819301906 -8.209616756304042 -10.067024275073292 -12.240518240951523 -2.86744469406369 0.18513140710218276 -10.623748835721827 -4.326808902698764 -8.249371854708212 -7.505542459135929 9.135892811066558 16.138673315347496 13.309884685691205 7.358447358228005 1.3570931456469992 -3.5570233543104575 -0.8668385530481952 -0.6421630767918832 0.6286214279746541 -5.632345941839678 -9.557432682693229 -9.783881949558575 -9.318189579509498 -8.070572595832733 -7.093111687955561 -6.325759010183629 -3.8357558759336663 -3.7551815039137844 -4.611298674066703 -5.405507602940229 -8.063197268716378 -11.177198584161314 -3.3020568080992176 5.026896194457077 6.9961663517152415 10.627484267864654 17.730035539280408 8.990370913812558 15.237864162188542 31.77540447172985 23.59799434017309 21.585582381257957 9.869852301971068 2.600163978576138 -2.4927154569836025 -1.2582674952221218 2.084134457818481 0.24622881556401435 -7.052343894689108 -8.79035459485148 -8.69102250031569 -8.359015295320402 -7.643693797954088 -6.933943564138229 -6.266286363642915 -3.8994402739126284 -3.0065946823765173 -3.1302629296849096 -3.5300568490804918 -4.385666837998901 -6.078587436263906 -6.89743654770209 8.841680835221608 22.015012391585998 21.16003725693525 40.773441145373 23.290305313756317 26.910878640152966 37.00168725153847 26.155227276003387 20.084005930144514 10.795057063963796 4.467404694270595 0.3012692159422595 -1.179161677555477 -1.1493583356987371 -2.132060951477771 -3.7550020854524027 -6.410387288868291 -7.777244102620602 -7.3281023676670936 -7.048667949602039 -6.580137009697319 -6.017150028435372 -3.8260733860196874 -2.2002927388104165 -1.6257983517541112 -1.6843678881816773 -1.3541250309583748 -1.6152138963648772 0.47919252982288785 29.508179982989606 48.698337220838695 33.42357233744612 37.859182001598036 34.076988318803295 28.527004228311444 26.27596750126453 22.01671119773125 16.246065730294482 10.348768204903463 5.652377244045277 2.2891117739844393 0.35190619869109796 -0.8229388500306817 -1.8578247389054094 -2.7791497206036926 -4.6748634246441405 -6.170101171935133 -6.358534542650857 -6.378581644877466 -6.082183947365316 -5.6130741611798145 -3.6241710921622405 -1.3611726229078125 -0.02833564428695091 0.1435400341427994 0.39323453725316004 2.1797722766159593 17.51509591778796 37.67412391090563 40.39927474489591 36.956068749140826 33.85678197449915 30.168588061342692 25.880747259552958 22.002073525497664 18.11766993131818 13.852863898567033 9.732242729475129 6.329587185770101 3.6236460946317264 1.5761709569070164 -0.018283522815449697 -1.326672441429509 -2.6355023768313877 -3.9951337094477695 -5.0140990980214335 -5.523828529717264 -5.673298449242592 -5.479858946424069 -5.094564852135089 -3.32712011584727 -0.5205830181074513 1.5776880387966472 2.025088240616189 4.008827908061914 8.010200895300386 15.48529053918372 23.507212005782026 27.72671595268133 28.696679397511655 26.941248425273 24.33065574694366 21.355210863115246 18.435652783872936 15.442850914525959 12.278639783971887 9.20704520215341 6.463277401136065 4.0622845125391445 2.0146512152795006 0.27162078636140635 -1.1942550826160083 -2.484519711837067 -3.6014199414285386 -4.402861598912505 -4.822594573550809 -4.954583636665507 -4.808721655372526 -4.496649445336638 -2.9608712474933085 0.28779427782921707 2.893037270636551 4.046703588193629 5.39340753765144 6.807736177998245 12.508299343571307 17.90164869048684 20.878616861286027 21.60078526444296 20.871969169095593 19.49334491334727 17.6888936093963 15.664922360247328 13.446612105344354 11.065362324054465 8.653722846218336 6.340284857106595 4.187814649735998 2.2573607965060267 0.5575808929663787 -0.9032701704483352 -2.1151113659923007 -3.0668023244754274 -3.7318299404694506 -4.079170698095343 -4.193292882112783 -4.0876792983157175 -3.8415898475056602 -2.545032895672856 1.0183687338577536 3.809579828964086 5.084423736282007 6.8688269072261585 9.232949274143143 12.26409249519633 15.062504675211649 17.104208177061047 17.937489934126656 17.816507249710728 16.996533192968627 15.677749042520562 14.055795812167453 12.216204183721986 10.244457002627858 8.22256941241631 6.232952579310104 4.335830770840671 2.590974486800292 1.02703395763926 -0.32765023667594373 -1.4540237619689322 -2.332514641912703 -2.9508492722937776 -3.2928206057745575 -3.428400222104462 -3.3692728282165683 -3.1814197605049697 -2.117414421578471 1.6149563889525842 4.408282131330739 5.5581395047676425 7.068909812014474 8.883513208490623 10.884343329722883 12.804846814053203 14.33909819845989 15.172822147515985 15.32458912237463 14.813418424551168 13.822782103124945 12.535032263312734 11.036483123793635 9.413217691445011 7.727145706823869 6.040136222396478 4.402782972670785 2.865742572523815 1.467157415051946 0.24493848684000907 -0.7822692876160724 -1.5956042050936226 -2.181895528856018 -2.5247113979048983 -2.681285876312006 -2.6628314177213697 -2.52672861455328 -1.6875968591079298 2.0159734370594613 4.780309977527259 5.852828098403865 7.172878545449245 8.63213646606973 10.171982642357841 11.58677949853033 12.709375491410109 13.362388015179084 13.5186155783305 13.150259959695886 12.38944621893386 11.368117686438847 10.153499775873254 8.81287327710415 7.390324577096309 5.930109303099711 4.47798728176583 3.0797735012917733 1.7849066202090178 0.6426665893968948 -0.3249286351270824 -1.0956512583198075 -1.6586548337339166 -2.0004039845633597 -2.1694985480612634 -2.176784125375772 -2.0745216243743707 -1.388351009990717 2.1821943590841237 4.358405627702894 5.1139323042008895 5.962222564597285 6.794790909715052 7.603296480730604 8.262949047733805 8.742892989623225 9.003911284737184 9.038043404032912 8.83673817775337 8.443867031797753 7.903258851935051 7.239769668226236 6.478279143938283 5.637407623567844 4.735774360002869 3.8029376871219993 2.8684378104826274 1.9784501492246716 1.1791463620091698 0.490252490682807 -0.06841449992528567 -0.4907662638007905 -0.7694963536799279 -0.9301413148403055 -0.9811914865569463 -0.9557044641834169 -0.649358870562588)
(UseCyclicTransform "false")
(UseDirectionCosines "true")
