(BSplineTransformSplineOrder 3)
(CompressResultImage "false")
(DefaultPixelValue 0)
(Direction 1 0 0 1)
(FinalBSplineInterpolationOrder 3)
(FixedImageDimension 2)
(FixedInternalImagePixelType "float")
(GridDirection 1 0 0 1)
(GridIndex 0 0)
(GridOrigin -112.71730223122137 -127.46053510053333)
(GridSize 29 25)
(GridSpacing 80.13259871340678 80.19044319772951)
(HowToCombineTransforms "Compose")
(Index 0 0)
(InitialTransformParameterFileName "")
(MovingImageDimension 2)
(MovingInternalImagePixelType "float")
(NumberOfParameters 1450)
(Origin 0 0)
(ResampleInterpolator "FinalBSplineInterpolator")
(Resampler "DefaultResampler")
(ResultImageFormat "tif")
(ResultImagePixelType "unsigned short")
(Size 2014 1681)
(Spacing 1 1)
(Transform "RecursiveBSplineTransform")
(TransformParameters -2.1098191024981054 -3.6890514732204136 -4.176388015239815 -4.68057561949718 -5.12651332613972 -5.514826462709226 -5.76111409835538 -5.870680204143691 -5.8427586170425325 -5.691584134223077 -5.4309409907633714 -5.120446926043879 -4.819684247736708 -4.5512882705483735 -4.337964779232812 -4.182784678570367 -4.088852255175403 -4.040457483833375 -4.02193099808705 -3.983288829345324 -3.8745231642272193 -3.6834097547529647 -3.397390960526628 -3.0168184724113067 -2.537573551817682 -2.0257289475984193 -1.485012323929104 -1.0127510222748146 0.1622672094993566 -2.328696525894604 -4.315210324061282 -4.946929985919883 -5.604784349111081 -6.182576379053149 -6.674590970318519 -6.968739678197098 -7.058072612302043 -6.928046450846453 -6.604850862593875 -6.1142240386986115 -5.564956436747153 -5.0658786413228185 -4.6568189085580025 -4.378260610278669 -4.233477359942525 -4.226529327987897 -4.322400352026162 -4.486531990063139 -4.615931460146054 -4.606981792499367 -4.435438692468957 -4.076312707973827 -3.5454238905156563 -2.85221230707482 -2.097046445184464 -1.2934939495300053 -0.5971121805022703 1.0505311936664452 -2.1953282246749617 -4.231895837552202 -4.893334531744071 -5.587903481308605 -6.201459525978864 -6.723350561304035 -7.0357255827478395 -7.120351581102275 -6.951173741373687 -6.558403762890785 -5.973363356262084 -5.32791734878541 -4.754545118049323 -4.299908388583599 -4.012571072642532 -3.8925119627284213 -3.9421559847309147 -4.116076906032573 -4.3700686867176275 -4.579540290028713 -4.616177431325052 -4.452926683056732 -4.0612484397503055 -3.471018671063149 -2.704894216639045 -1.8733557716976228 -0.9956058405738227 -0.24116900067089742 1.5030770469005392 -1.9244436206331286 -3.9931726814625033 -4.690007150801727 -5.4350203594415065 -6.104337742652161 -6.68646704856763 -7.062430614155581 -7.180173356598509 -6.979566627899972 -6.489795086011387 -5.745128851854196 -4.93804712638139 -4.264495745263152 -3.754348068412037 -3.4425416536135147 -3.3660788139932913 -3.5637507209554795 -3.9248525959390514 -4.33882467334808 -4.652669221697646 -4.712272694803679 -4.493099519279571 -3.975200484144288 -3.2413915811968423 -2.3668274995299816 -1.45107331317556 -0.5004066664053959 0.30487861883053313 2.1076173411629155 -1.544182917452414 -3.652699368157199 -4.400571339597491 -5.222405181544836 -5.9837655954965925 -6.683522500837607 -7.207172688566291 -7.430138319244837 -7.222776570954512 -6.593747604707017 -5.586836466229319 -4.525818594072543 -3.7221598595450787 -3.1442835868244927 -2.7751872885737208 -2.767768059534668 -3.281882030376897 -4.034774883659283 -4.719753597945686 -5.150296687779097 -5.154049748132528 -4.72682923410162 -3.887576930836779 -2.8547520463586453 -1.8310629424012492 -0.8422413677920214 0.1664298844289947 1.0047984704161557 2.8059932084938892 -1.0430707484678863 -3.2014618479459047 -4.016292238572906 -4.948066683605646 -5.859719332395298 -6.778623934260106 -7.596294446958297 -8.004291335977854 -7.682640358667908 -6.662549334016517 -5.076570159590393 -3.590602196477475 -2.821726921168192 -2.3464503860391774 -1.7783294959543559 -1.9842544517690408 -3.5120382061465554 -5.255816013917054 -6.378397292338384 -6.803804369850022 -6.433812416937412 -5.362476745787775 -3.5152258030315133 -1.5978803272867175 -0.5074550144274916 0.18060814589068533 1.0677053024704732 1.882040167525768 3.5965834750110304 -0.3962379659211022 -2.5947259626056782 -3.4853427103625787 -4.559356472946064 -5.68992661173377 -6.958376261452014 -8.29501584272153 -8.828542703267967 -8.234795676287918 -5.93400098666387 -2.9577517108813307 -1.797399312731544 -1.2818508401009845 -1.3255652630363162 -0.1718554247732444 -0.9748865218964676 -4.7501991941260595 -8.115557643232359 -9.111176765511512 -10.477886345442576 -10.440418172563435 -10.992425345452336 -5.99629330058761 1.0985524978382166 2.138237286949576 1.8588218617904104 2.262889622190184 2.9399643392897485 4.431359747876374 0.4221232606161802 -1.793432286195465 -2.759148424114011 -3.978193836189515 -5.334358464119415 -6.986104830577518 -9.132751236631165 -9.403852641946896 -8.1819974028447 -7.007929462169582 0.16352883122361786 0.02104290321848783 1.8969455260999204 -7.824206649779392 6.022335737440349 0.4533378018876559 -12.885163970543488 -9.008140813280878 -5.465848983910319 -13.466734307335031 -11.450255048344044 -23.908396755189813 -18.940649086225854 6.97905958145627 6.066230832640786 4.191302133334615 3.7846493928291145 4.197592519266421 5.305415123595749 1.4387804004405755 -0.7563280611626345 -1.7851943924916978 -3.118225866205277 -4.644526333294026 -6.502939764214563 -8.872321940297232 -11.613194411758238 -8.78740754360248 -12.746122773312791 -4.618468193184669 1.5316173831740092 5.325879228081161 -17.248011827365758 0.6000066530324474 -19.59250294455718 -32.21769216994565 -10.949589205577162 -20.280513584314726 2.4530189089423344 18.478513910957282 12.336709928308064 17.175768822616163 20.481843670768992 11.352075828736801 7.151243433350995 5.655807090614338 5.669907107736618 6.210522291999717 2.6251006452572225 0.4983787535030691 -0.5681574216482311 -1.9129405298238893 -3.365093011088741 -5.280340742582884 -7.875049493220962 -3.783379571263699 -6.403175537384614 -12.612155206866987 1.6912710611364845 13.204165824949433 3.1021411851240464 0.5026671215505699 -2.839322762425704 -11.82456806841797 -17.772947629051462 -8.844848504102561 -6.253370030153667 -6.960547237838064 -2.2593249424245454 10.425877290799427 40.34763814267033 31.05762672741262 16.31290518454743 10.155173277819992 7.651470856991112 7.246244144928863 7.119065068889974 3.95252550587757 1.95326375333223 0.8869697015917386 -0.2982145479842082 -1.275592814886473 -2.7276433708995067 -5.913022859999471 3.876378005103228 -0.0014347300105609765 -9.652880924023629 -3.64560202608022 0.2603581606986557 -2.13360176861963 -5.636190537234544 -7.097470406440102 -3.666312549188995 0.4210245677274755 -11.347563769038313 -9.933786721334762 -17.41186345979842 -13.335139617068576 12.501135396765653 41.44957777750782 33.85387994187512 19.80545520308042 14.585901467200207 10.055036656681578 8.825491140328165 8.00345115336389 5.338307115773796 3.5261091382098737 2.4867413477447364 1.5272362458994813 1.1331655591152678 0.5825577323179506 -7.064947549693522 -6.40293055402919 6.681055964327378 3.13397372529975 5.300558202247971 -3.1848887080591783 -3.7285041963920795 -8.796270857155983 0.7255564489941774 -1.9491601798393534 -4.4387551002629095 -5.401262564912724 -1.7520715840176413 -2.864282282155974 -16.351038527458165 -3.7540862165660207 43.899654486076216 35.56419605042381 21.03960453830126 16.07672769790674 11.42750650747132 10.20621908632855 8.787243919305341 6.699715657562271 5.134561646826133 4.135914299829238 3.3478231606013864 3.3717752838652006 3.207719992858723 -2.066021408544812 -6.654218753357116 9.890054330326109 10.664071385707656 -7.076303116723224 -3.6978821164057134 -1.6893520589110063 -4.698724043340578 1.8183047336555516 2.648195599072859 -2.8936290650535597 3.0184191426735802 23.943219568801656 29.75638829552167 24.246385934385486 16.38283431136076 57.06061230918773 35.62625074792856 20.24556389272031 13.14404016129286 10.340386364408419 10.82371120993509 9.392021605524185 7.9550734116219735 6.677459105206439 5.740006557788573 5.006672648010978 5.070069398897979 4.443734321038751 4.824160522355249 -2.0377854928253907 -2.401855431186724 -1.093640687980894 5.424501701068841 7.08425487049915 0.12916443246372775 -1.8271431063628836 2.4518528484238793 5.419676508442764 -2.577607220803913 3.905494999715501 18.79064086670555 70.36558091259955 85.52428675382151 35.31994692068257 42.09489198141714 29.87218369643381 20.648218304638046 14.383233350739195 10.557451091207833 11.217324845993826 9.774763101096942 9.02270638358256 8.053296331477721 7.205014670509511 6.365549457645254 5.959853785603303 1.7449895531305761 2.2318396294408283 10.220128002428249 -14.383853219403685 -7.553701037409976 9.937551419220714 1.0824837045470037 -9.859949709947049 4.378786912849329 1.8895440334754976 1.396808894050412 -3.496299850351402 -11.267374046745221 5.376308218772233 55.34156889151919 70.46221263814711 35.31510102655116 32.094051284801665 28.827063568903306 23.261850171258747 14.410533746402036 13.242425030121446 12.813671058305532 9.896322029470127 9.773926847625344 9.068554250855364 8.35190805293222 7.53803647063211 6.91097344242163 2.7126132783779564 -2.1506201043244766 0.049854765681382425 -8.743448236506286 5.0707390276986315 0.9412444737439071 -8.858947717319218 -13.15466623222057 1.2804085465064916 -0.9736525315619855 2.003098972783808 -10.364630815559737 -5.455404946700087 11.181221807442691 33.24444407771153 25.065593013595826 28.798270570143366 35.12305364805742 31.811320316493653 25.484869612997834 16.14794775461218 14.145511130216509 12.557889599352686 9.467929620954152 10.079999697707676 9.52981390803433 8.999262270000713 8.632925834143775 8.906931415857613 8.730058207073395 4.304625995915061 0.49858125645834284 -5.34890327154105 2.7424080805390147 -4.052908866890351 -9.403790848853502 -7.307612356195739 -6.937033374796127 5.081849391120972 -1.158984887782812 -17.40782239379394 2.486566312397223 -0.31359727104995777 14.238073226865007 7.129479320481656 14.904504822893584 27.18043854365437 23.69510280703935 34.378666364047945 17.36225204653016 11.913402939762252 9.868427606137764 8.209482326939778 9.95729241226984 9.380865895013955 8.948460228993012 8.904742444262665 10.138063454502733 21.45627915185354 13.190028666926477 -13.222317908832753 5.545440324054215 7.620696183541371 -10.778073899323125 -12.372037695250704 -16.073233054405097 -13.075621503908142 -1.2434174832504723 -15.750941379765658 39.46700672792052 11.918221313812031 -1.346498737437196 1.3578170162955205 0.5642354142136561 5.245829377287159 14.567523775219463 23.742032622665285 33.37831319808609 11.10381955192033 6.046749748236275 6.799405680961313 6.696464153805033 9.421520647227997 8.565161075811755 8.003527334428334 7.6082965857244735 7.743584886230847 2.86992658918054 -4.7433056890906835 -5.84201763153801 -0.30277567996039295 5.2175112061588855 -5.778127853523785 -22.178124240915963 -26.382909036042403 -22.65490884291863 -8.598467683962351 -7.45599043528049 -2.0695369791801363 -7.019736901898673 -8.773371767127632 -7.968771762462803 -2.0713325733475902 -0.5491352217908102 5.2949828290840735 14.504575370376669 7.985601601067957 5.803844796396999 6.2130735827752455 4.405267216145537 5.503553766684146 8.563906244874492 7.29427972459984 6.508142657263444 5.587365257151956 4.814688490019483 3.8575423017888633 7.803405840035652 -1.2748223254732036 -12.824865400413437 -10.1409048634141 -10.496769532366105 -12.851689624311613 -21.968529743502113 -18.40586584301673 -0.49694287164913636 12.386765078723935 3.857993390631798 -4.483179077872588 1.09847291460672 8.794677923615932 4.5598976472951644 4.795532937579735 11.966288898745473 0.6580416040354514 3.665297451504541 3.516807451734655 0.15076598210367917 1.838249188006129 4.647665578701437 7.466643954535945 5.772412144289315 4.814959557187907 3.587590206451695 2.71133239944552 7.85016331254867 8.055673446183215 -3.6087090334426772 -16.418718148751303 -23.429207322486256 -16.018899198306045 -8.421699213484427 -5.627479575866181 0.24950305296950975 -4.711224856380075 -29.073959009808014 -3.008099394717084 -0.8325342957425315 1.9024174911117728 7.270883974151474 6.825857204119982 -17.488501545718265 -11.085454819428271 -8.82446114734862 -3.398151686722252 0.21278820066126958 2.2313516767842354 2.7308814105421386 4.138628410655869 6.303569726847892 4.185148283359209 3.0802406061818277 1.6387237273801238 0.11177861892751151 -1.5125145818675392 -5.098171513653669 -7.380881459100581 -20.158769584040463 -23.894726047622683 -10.15515825679554 -7.801926145826168 -9.479158501484424 -6.48830140266528 -8.442727926257493 -16.71996512212473 -8.6406186569369 -5.648496838771628 -3.0228346108895394 -0.3780883310796938 -1.5867787910522138 -7.415827902695477 5.000470624754817 6.652968692728369 0.9453401637217477 2.0033818255574936 3.6526201721838434 3.5350815082794584 3.652475567558059 5.122716190965716 2.6016808986769653 1.3485720013994442 -0.27268894382105 -2.0630985926769614 -4.199529022530477 -6.536748233604587 -9.203026876908464 -12.657630598409138 -13.831197980054514 -8.249914710688525 -9.072018252642042 -10.834421197895223 -9.08702896713116 -9.891795999288775 -8.567440872446646 -7.105647668547584 -7.729950292902116 -5.529561099780881 -3.081086826536538 -2.7024361058512367 -2.4453611646596145 0.7036926581360687 2.3145055251953024 2.197418867271498 2.78008396478334 2.8725824186144973 2.7088938124153192 2.7664705875972038 4.121103613217878 1.3375239389635112 -0.006543930974260898 -1.7207418175891236 -3.5832117143431144 -5.570331953448409 -7.492329797805436 -9.244648893864401 -10.651437632070808 -11.45317564015097 -11.375133164290927 -10.89433549220966 -10.082463922395085 -9.299244293615615 -9.415663633709322 -9.062370519900572 -8.956768758293068 -8.635423055754906 -6.891844653621212 -5.116876485675455 -4.133581791780847 -3.3258602568672995 -2.0706889860343747 -0.7648191443362176 0.20733633530362813 0.8687632056724914 1.2533029046547102 1.452356564674979 1.8738977072535523 1.743302654660948 -0.922227407341314 -2.093609741382145 -3.5000529844010404 -4.911713244199836 -6.268178422177515 -7.368336804893505 -8.208436645332817 -8.774614704781653 -9.085959516064536 -9.160940250457234 -9.091586592215483 -8.969535163544755 -8.823212148001115 -8.68128043763837 -8.489106087248135 -8.19316660749365 -7.725021318085575 -7.015197794588372 -6.170222991706701 -5.2965009888774865 -4.445672821688895 -3.669062884425025 -2.9642260567723486 -2.32559746673256 -1.7698647684844477 -1.2679252863883868 -0.8741137125328391 -0.00685346555686765 -5.755444294742234 -9.864289620362962 -11.199361397965427 -12.693670798060744 -14.207606124977888 -15.750191924229474 -17.109711916326795 -18.277890821658016 -19.23073225248409 -19.92220409835165 -20.3050700787061 -20.348000497398882 -20.019552438891488 -19.320201164408978 -18.25075392120281 -16.835743988164648 -15.099779429228832 -13.116779079580738 -10.960819787409617 -8.783835682326362 -6.737793799731986 -4.891767381740435 -3.3148077286865707 -2.02287764321463 -1.03151559764992 -0.3256146776788836 0.116275977179068 0.34172246695364294 0.48678297276198357 -9.011002994550209 -14.8986779710104 -16.722808371875985 -18.687904036431743 -20.585659871665907 -22.42720545518599 -23.90766075172848 -25.030781561171175 -25.77775356283838 -26.11550517987579 -26.009579423966297 -25.482264385115663 -24.555025858490232 -23.24985232543684 -21.588671632648992 -19.590468463971188 -17.273699437754093 -14.729253020864489 -12.047519455919668 -9.423154801010304 -7.051051866260386 -5.000998803926521 -3.3444035371480343 -2.0596154573009025 -1.1268339317715153 -0.5079714055162649 -0.16361319628514973 -0.01705831467260436 0.02517213940054597 -10.016461039908542 -16.362592171609663 -18.29499370786291 -20.346224904526835 -22.28909281566395 -24.13302137510314 -25.551951384563274 -26.55439144027456 -27.124829485190027 -27.240447368904512 -26.877445787376864 -26.084224815250256 -24.906387343042578 -23.380261861246876 -21.53391156110817 -19.380743928265193 -16.931431076287677 -14.282453604193977 -11.523839307113223 -8.864530533398852 -6.514109856431629 -4.5372108957663215 -3.005209105075238 -1.8671381313361726 -1.0766226377006525 -0.5849561994094324 -0.3444241579877104 -0.26725826467749386 -0.29701371332876114 -11.059990325486961 -17.846620058376544 -19.876202794980973 -21.999143674788492 -23.97131637348951 -25.809027621631042 -27.173589923597444 -28.044783659843556 -28.378187816440555 -28.187378665565973 -27.493391416578902 -26.391199509190944 -24.97133811638606 -23.26622140754999 -21.295353676860415 -19.032070962376277 -16.4431091025872 -13.599981111162052 -10.567662243796603 -7.608926549450364 -4.988606711652175 -2.982982143854883 -1.877542667240808 -1.3188894770686805 -0.9415590609616805 -0.7235925370941327 -0.6589025041295077 -0.676188724587446 -0.791457980068256 -11.989396467245346 -19.157432065542775 -21.270865718988688 -23.460952244297506 -25.474016663109563 -27.34972705934145 -28.757232484600927 -29.567565308763815 -29.631363458247527 -29.077945603095433 -28.039169145431785 -26.664312267642043 -25.111971121559044 -23.3848681558319 -21.45842843876346 -19.19960731162034 -16.449851858864328 -13.196756657548299 -9.434922578710335 -5.53473024768357 -1.8822136248243664 0.49264757226007205 0.6043787791990375 -0.220202888420306 -0.6980415307478373 -0.9571446732841884 -1.1414789990161947 -1.2581292006995457 -1.4439569771746448 -12.762990467807207 -20.23994230921401 -22.41938376416049 -24.67356291776744 -26.754635868655278 -28.754919764812385 -30.35568523852036 -31.13552017478284 -30.724236362538285 -29.555603605780497 -28.120879605899013 -26.600530813865024 -25.281612201624352 -24.132239540878576 -23.037634293875765 -21.25697485546592 -18.07796028358457 -13.705660476178213 -8.189096692200451 -1.640133800873998 5.399037981990376 9.263124420428717 6.773226712020475 2.2837247926775825 -0.17576241046417135 -1.3114190234101866 -1.8634965329481366 -2.0626781009191846 -2.280919014451706 -13.16383060259022 -20.768247098812125 -22.969955843193148 -25.26297397379254 -27.43666364070329 -29.66155693984098 -31.901544048895754 -32.6739874159686 -29.478136178437147 -27.0388101168133 -27.159697924084302 -26.082330451267886 -24.499648290527823 -25.544289798671546 -26.714095048203312 -26.704930165064457 -22.28293825941905 -15.432770701298503 -7.21034045711461 4.769957813530081 32.68353876829746 49.11378310062558 26.15606866101411 7.001109356612309 0.7829161684433844 -1.8144803730458552 -2.8792390853087144 -3.121209957924073 -3.3053690805799008 -13.089654967669363 -20.59179495454703 -22.75366599248795 -24.982856261131392 -27.069653122866924 -29.253058215744723 -32.32075404111174 -33.53076458209652 -28.035841762625864 -21.511663348854405 -25.949706959006086 -27.451297655393844 -18.921712187173917 -26.634037781336996 -33.8958233761391 -40.49059899718463 -25.327995541882075 -13.194366091425639 -7.729428556985646 2.078814634955679 59.694447680428006 104.5319094409831 46.675782600500746 6.94347388610504 0.4028945705848751 -2.9616890235847855 -4.23645364682465 -4.48060851013145 -4.558350485941145 -12.42559283546441 -19.540608858065234 -21.57985575198887 -23.56388759210905 -25.1764438592958 -26.727203786432835 -28.031213205855327 -31.30954916188532 -33.91548564228445 -28.16718857257594 -26.39902782448112 -25.887882667772626 -27.706361061247915 -34.76110876294916 -34.01142123970352 -33.13701610852698 -29.51683935950008 -15.090865705214952 -6.039164426286944 0.321710310684752 27.617037391716465 56.58054834847472 19.554296774984763 0.7446853433426877 -2.792280422851379 -5.060752070144041 -5.9618434300321415 -6.186834006532818 -6.079232134461806 -11.182132154974099 -17.63369090038717 -19.472413572937704 -21.074881461567564 -21.984385698741548 -22.64507733757521 -21.97659481009 -22.593193941756887 -32.117602659336775 -29.722128365228624 -20.90187812978598 -19.874609347523588 -26.03964769027305 -28.5815971264747 -18.788938678584902 -15.597577226901151 -26.98068061683069 -9.966985011071877 4.403528828673442 3.8250758702735967 16.618385203299468 14.284254490297409 -2.2512640177633316 -4.757692090362584 -6.047482453896374 -7.228078171890191 -7.829773688260212 -8.137746268206854 -7.810733277369573 -9.368953241415415 -14.888561674436733 -16.453934473541082 -17.60303356453191 -17.778651361167068 -17.670357693440486 -15.279327924772119 -12.839407475394706 -19.777057494193265 -20.41110604775189 -14.858129271452109 -21.785882310149887 -26.839652060554005 -3.5051373882358816 -10.328737471398277 -12.200377270804578 -17.84668377923286 0.23792588494474035 5.564337376296589 3.166460821464767 4.098567079962844 8.468627459143184 1.0790001613458335 -5.5394119713201855 -8.613923971037455 -10.925936937704515 -10.19087067473388 -10.270678879651456 -9.695889299214091 -7.156571168618809 -11.568008283018859 -12.822706645034424 -13.679114525742824 -13.626752906740139 -13.747157096711598 -13.65011047618048 -18.628324440463807 -15.687682181910182 -7.817407243688835 -1.4394035509202394 -7.415947405350533 -5.0809012917973 6.391459090360178 -6.568881457990925 -3.605848591310723 3.3282981889236294 11.411551224038776 6.295739084594263 7.01296699803232 7.255494431231168 6.6944869381963645 5.472893145073613 -5.85192290257595 -9.877559967078462 -12.783112760115321 -12.555637613604198 -12.52143200500387 -11.593061072714539 -4.715346546452129 -7.935613670281678 -8.880873658344376 -9.818481765499058 -10.570791366495186 -10.94252010625542 -8.632297851902361 -6.63123008286337 1.577479840575701 3.1966474264039646 13.034121619391955 17.55423618612228 7.73529174388597 1.0882410534048887 2.3211598677736442 5.813301678158585 16.720669832840198 17.900887995939573 8.690072390682728 16.298067096597347 52.73892108712227 41.394613523723294 18.488720212190636 -5.195194169750244 -11.105245270313322 -13.821756764330422 -14.420274865196356 -14.619179704570874 -13.358988855749578 -2.175836227507863 -4.182221291893952 -4.820935918913539 -5.85786771140226 -7.491005918245271 -9.213623436348776 -13.646309574146203 -8.10057515470292 7.769474515338534 -9.97958121715536 -25.813442500590572 6.5490332276298275 8.178925642110205 -2.933099138761375 -1.2427046880947712 0.1772781090877864 15.579061498561847 11.134641141046416 -5.1920346536147335 4.390548498264749 30.24834295890226 34.766206939925176 14.62783575860087 -9.063672700514934 -14.949663338023626 -17.063943268978605 -16.12464384508403 -16.19887435031067 -14.842024229010585 0.3314337548034752 -0.49859467427160037 -0.8369049593981195 -1.6317710400549639 -3.1762076823682177 -4.566392471551069 -6.177856279216458 -3.273416461529527 7.32266364257058 8.309516514893984 -18.339521192316738 0.6467575896385097 6.571443115391415 1.4663892279451864 -6.71096051794251 -11.695347895820888 -0.45937338888652773 4.866679987370356 -10.129741900885763 -4.74579792623182 1.7315488236692274 -0.3222559274524857 -13.507215119068839 -22.038528519188787 -22.862183128336472 -22.357190585943048 -20.050917243737967 -18.18793087644466 -15.897110351536373 2.642703449588967 2.868233163577103 2.7946615075866816 2.3416121964261762 1.2731719276416036 0.980976082422044 2.99704857729085 2.347391960367272 -3.477249639650021 0.4723434636695906 -19.54872160467645 -5.087682171116554 0.543172659494336 -2.610358993261005 -15.955460494314579 -6.660193768981698 3.135126830018477 -0.8991712568464273 -5.677401588585447 -14.0171847541289 2.8352104690618 -4.824048907181343 -46.41164160209422 -37.8849087137851 -26.1329295196807 -21.704083613943574 -19.115747323600548 -18.411212918404363 -16.26425960362614 4.594203358108703 5.671724320707653 5.7929703203799905 5.521337943026427 4.651384597196979 3.0727891346447147 0.5227235094966197 1.2369023549952012 -0.822478541558868 4.554987502954567 -2.9502822989122626 3.4176882695986794 -6.373479874261204 -18.336574901774522 -9.917713964397446 -23.762988552316475 -16.780241858933817 -8.976835812273489 -13.001726724847087 -26.013352306754413 -10.150192268651347 -15.942873539367582 -46.49103785581684 -27.37870208848772 -26.463586954199528 -21.56260616626781 -16.6308941192062 -16.50908011357918 -15.693399811633373 6.150303019262103 7.839376361729462 8.040206710150724 7.777140563871638 6.9184987501243596 10.743493353944915 4.496077944169424 9.413950633569996 11.18557021813517 4.234482626801614 -3.5894875466595386 11.275441816173752 6.364198713356538 -6.497693321648978 9.726131607772938 -20.600531272012255 -7.1789385655728575 -3.851690712920118 -0.1134951042087942 1.6103192826861434 -3.860951469086477 -11.327608582238595 -19.875974038026783 -15.53848982669455 -19.313959070211446 -13.553923721310518 -8.916870910018513 -13.268247136261792 -14.385127376961016 7.274818873219011 9.298055865262887 9.432087558977782 8.974103551143912 7.797654266686918 15.072392722789749 12.972325600226476 16.64477101873838 13.260160965550147 6.532366893069888 -0.040262132732585186 3.5870782600996933 11.538744736438122 11.145112302342618 1.0680218085750532 -21.290368451288447 8.055463822395787 5.092526182676795 1.5014653297815865 23.53164977106547 12.764463247421986 -5.634974455246242 -8.602612126811959 -15.313490635219429 -13.37830737147409 -0.4252865793210452 -1.8358309134761552 -9.089628316082534 -12.538669680613172 8.01562901244547 10.185333025950484 10.23469715308626 9.617289533890492 8.190207353618176 12.12701012050324 16.767557604409728 10.411009105533143 8.589761567867653 7.364932722796882 6.068557616508661 5.39965616347311 8.225143635130317 20.062202608654886 27.984300299847348 5.279779618733837 16.481158804691024 8.334240140632788 -1.5659140688796094 2.661468046913752 8.187716265146047 8.378358501272029 -0.7950726513405162 -2.1407170679281537 2.3713737263434065 12.82125597395312 4.085432857471571 -5.387555341944734 -10.334777861965996 8.41332032727675 10.629273199323215 10.704194125212842 10.261788554521587 9.074516744047813 7.0925943782043595 20.178459731722228 11.65877502148575 -0.6008566254744808 -10.654605545357335 10.130120568551336 18.954233720101485 6.189531177287785 10.643451090706122 14.266174952399078 12.0307370721258 6.920852384418925 9.704928208137883 13.238715315384871 3.9667791905024767 8.111016679198912 8.774112247691871 -10.326217392242967 1.9797071594104236 8.129274913310915 7.6220011250719395 4.311821823578593 -2.2682082577791363 -7.9407450099770305 8.593040495608662 10.779719720573782 10.929987876771762 10.783839170770325 10.360378126928676 10.134998068817223 14.92902684169755 9.292942416670652 6.694484136332479 0.8456615320417793 5.755393141031118 7.041391439564201 5.703488688875083 2.1525485253357037 7.016527751340173 9.36392109205264 8.785105411352214 12.199880433742987 11.884530216118376 11.525144506929712 15.355987037165779 11.149672597101901 3.689270640517032 11.054208712005646 7.203255762778822 7.558210529277611 3.8674632287349313 0.4857574005336181 -5.552266626449887 8.578884590610171 10.649527653378291 10.861839030404113 10.874361855903702 10.743119985968875 10.527216836231752 10.062843382869412 9.355417720077503 8.351285838260527 9.0547708690601 6.924107686347651 10.719525061922274 13.586392218270968 15.049501714544785 8.228588251211239 2.826480288839597 9.175007426399246 14.054625934005317 15.495722832317524 16.353621392996416 16.982920879896685 15.903835877286177 14.391211963605334 12.25936441343647 9.831399598949492 9.493625265967085 6.556079263301336 3.3232036444230073 -3.1785557866896665 8.365574322224552 10.276324970397825 10.519453621722198 10.58664036336869 10.498345222773843 10.22759784492916 9.63362065703881 8.79331996106811 7.749389404912689 7.619572816211409 9.460547913790098 12.009912602341974 12.379408944464299 12.862806876652645 10.343983752751486 8.358127753629699 11.867121266935115 15.863423254527246 18.083849371316024 19.377716227582173 19.600602684969232 18.728944002411172 16.763485578888908 14.55407580236228 12.908910237528309 11.179223824629469 8.360243266132795 5.5180329177482115 -1.272125327903291 6.540344327658005 7.786847752646235 7.925670187274095 7.959276218715547 7.928197826984837 7.835591042546015 7.6155484169023495 7.489649249973664 7.674444594346262 8.33728438078342 9.645501243137586 10.959366581923193 11.638586353242138 12.04201587955248 12.529198761253456 13.545480752005162 15.539510052349204 17.842131919287727 19.78295112423279 21.075881163441913 21.434797087417152 21.06026887317686 20.150622988099585 18.674918695429962 16.576635294361868 14.207527812006123 11.555817624124625 9.113195670371319 2.3102404500665825)
(UseCyclicTransform "false")
(UseDirectionCosines "true")
