(BSplineTransformSplineOrder 3)
(CompressResultImage "false")
(DefaultPixelValue 0)
(Direction 1 0 0 1)
(FinalBSplineInterpolationOrder 3)
(FixedImageDimension 2)
(FixedInternalImagePixelType "float")
(GridDirection 1 0 0 1)
(GridIndex 0 0)
(GridOrigin -107.03589893570584 -105.91109982074252)
(GridSize 21 29)
(GridSpacing 80.92442803285397 80.4286303679283)
(HowToCombineTransforms "Compose")
(Index 0 0)
(InitialTransformParameterFileName "")
(MovingImageDimension 2)
(MovingInternalImagePixelType "float")
(NumberOfParameters 1218)
(Origin 0 0)
(ResampleInterpolator "FinalBSplineInterpolator")
(Resampler "DefaultResampler")
(ResultImageFormat "tif")
(ResultImagePixelType "unsigned short")
(Size 1410 2067)
(Spacing 1 1)
(Transform "RecursiveBSplineTransform")
(TransformParameters 0.7183132930147033 1.6275537830694735 2.002783182152608 2.407204978685742 2.7330178265110163 3.0042861598180903 3.1969563821755194 3.420869087848469 3.7824403645006512 4.277855306273591 4.903054224484542 5.54448270948217 6.08856399371862 6.500767315821778 6.745952031659537 6.756027290184575 6.45516649065518 5.94695409793728 5.2271304980298785 4.504535162528962 2.48594877280624 0.9421024889089206 3.306770066891207 4.429087215303502 5.507765602750357 6.012770987117422 6.008562503381694 5.435355796313405 4.762635028703111 4.450775719611487 4.575524733640949 5.211849990134345 6.248565500438048 7.574698816477425 8.982606679743084 10.263499078160205 11.05302737176808 10.972429745449977 10.210481840185484 8.755952202130112 7.226690453791629 3.451167022446438 0.9794003712487743 4.069083449749551 5.578927057548136 6.998890540860535 7.565202298720341 7.35905491491856 6.300075723131164 5.05637570328652 4.283684370030899 4.083145055936858 4.5547066391518385 5.683330146106819 7.454206661739196 9.470012200669787 11.33060919090513 12.53546598575732 12.567872894948938 11.684339167801664 9.907918474976432 8.036247722503303 3.5915401389408794 0.8860659982400503 4.70813923014607 6.636028964827158 8.441231583584662 9.114479101923907 8.705194671828327 7.065200659741058 5.092119838950037 3.668044314188395 2.92964414874209 3.0149672170170967 4.1986462852044175 6.742164105197175 9.755206884471937 12.376144605315666 13.962508407376898 14.015558405531193 12.918980762311937 10.811211077013887 8.621699750187314 3.580171968252619 0.5466397497273486 4.78601096447652 7.01044633901209 9.132876697385507 9.990935546608833 9.49865841410444 7.354310762350949 4.649336524503686 2.4531543291745144 0.967245681829899 0.37131113854769787 1.487526224227022 5.0869817711491745 10.647363781694429 14.226177948095778 14.738090142074348 14.641094039938183 13.261726520566759 10.983947116773784 8.63020291028602 3.3489531428830004 0.00339573179740972 4.313601985499237 6.664261965464673 9.040713319210921 10.310527562765635 10.17749737086809 8.026545845010578 4.370507358240279 2.464119996676766 -0.6341947432201923 -1.4843916714304195 -1.7318249972091226 3.8341382445312 13.730920174826313 15.051905437341809 14.102985323683868 14.076945476204223 12.588473984700896 10.386261003324398 8.090966864511035 2.9155588784315865 -0.7137170924187736 3.2135344589506274 5.432868791865084 7.970273830848101 10.012535624203387 10.942493496529552 10.428538451130075 7.030764432353892 4.716294714164217 -3.3687791432539655 -0.368109700786289 -1.4857770843010176 3.5979523255427006 11.086419831266412 8.697303651694112 11.788031219399988 12.161490432125252 10.437180211231338 8.656803737273583 6.831719486236115 2.242583127494416 -1.3941481422620872 1.7521703388655412 3.5005213676929 5.773635654861459 8.20708204866492 9.778924387000858 9.325632213257744 10.00963998713349 4.849327756180335 -2.8831128763065355 3.5436060097010573 9.565352498422389 6.077377148564359 7.702524494290891 9.945007081288944 9.698898615203811 8.952137972577665 7.559107145390612 6.461969594677527 5.265445943034782 1.4854480804154027 -1.8281999542435952 0.18972079420027332 1.044955047612402 2.2714400344382883 3.525101959476529 6.125284354945328 10.547896212380069 10.949084431002683 6.68110448984199 1.3834971567318781 3.0842748431360745 7.050089264121102 7.977571736997813 8.670672180465266 8.876514699020065 7.345343424506992 5.452858489465869 5.253123230460624 4.970317679430133 3.877275082685277 0.7979592173461184 -2.0065428655052915 -1.1767727686769895 -1.1929742614802203 -1.474835455555228 -5.106959588480794 -0.6134262291083471 5.558719211540143 3.5225675844670477 3.697749715804492 1.5995836959444454 4.719674877480994 5.116311623334245 9.202155241550143 9.04185161430271 7.470052134364027 5.935345512536953 3.812220740217168 3.321587092856015 3.1821105742015057 2.5362839756878217 0.18665178234563445 -1.9199130455762041 -2.0521084992392677 -2.5000077180215197 -4.233660076094001 -7.924447846915662 -2.1098908336697755 -2.5996082653370642 -5.8947503825414715 -2.1293817669424953 3.051343800787623 5.770181888328887 3.7759806914960286 7.997642327692174 10.474114166654955 8.252767629593171 5.597974470287974 2.1307225948765494 2.5631042877602335 1.8084059285465934 1.272690057477988 -0.3413732204729452 -1.5741447338425842 -2.359544573096449 -2.9108446076653287 -3.907784086240417 -1.2869515384729662 0.7468643871079013 -4.869856967815253 -3.4963138228103205 -1.6315640774788183 2.580525377865882 4.509049578429342 6.605845349246701 9.16835479562454 12.142682332447603 10.803261552386509 4.860308374506356 0.895135497037847 0.8895056884604999 0.5271862153845321 0.24427890222349027 -0.7445634248256515 -0.9750894623926115 -2.025033855407242 -2.514850497561547 -3.023989559700332 -3.0653264658731794 -4.75809143192639 -6.903708848760156 -4.441981946879296 0.665520376757318 1.8595519791379895 4.156364433481851 8.85371751375696 13.071803364695219 12.819673227143165 9.182180024559079 3.9558049362710745 1.4655181922391975 -0.5205239814695416 -0.6386110990183641 -0.5184523603713062 -0.985672068253562 -0.2574052661457447 -1.2038652673597048 -1.2560543129169246 -1.7133162821895926 -3.022176513868865 -3.831299700183594 -0.19976357704310974 1.427633988261431 3.638655342080814 3.45217220508553 7.065937124332097 8.3952886039051 8.61643782134226 10.243908515720662 8.309491237591546 2.3777991151688362 0.12779224344955234 0.03938124821389821 -0.7664532923236688 -1.035437935488257 -1.008192496479102 0.4442519660227036 -0.034470211986066056 0.9407703703100461 2.1470271720765046 0.6867713689802427 0.39006486083400743 0.04021600757324428 0.7523659352556791 4.34572935582123 5.596231370320184 7.692906466539255 4.007390521853304 2.1903051123338546 7.533985870723085 7.655431424669888 0.9666108506783969 -1.009876952095431 -0.8336218297523209 -1.1794437658124581 -0.9106777133461249 -0.7428915451581874 0.8521171337625726 0.5969380784668935 1.8790013649755213 3.0036711506393807 2.7448675235758238 0.8155268375774598 0.4856233707562354 6.666456147670254 7.281074762612124 7.415252037169065 7.406009244415661 -2.528416519957456 -2.069330815971225 4.404396970946203 6.737166812025189 -0.32976857528981984 -1.3456514981619385 -0.6943762046942169 -0.3959644856833137 -0.05362481552710629 -0.273098499062222 0.688430056064376 -0.41081985392890275 -0.707589869764779 -1.8179843894800776 -3.34145353159107 -7.696957597109137 -7.7716043248286 -0.35091888405436994 3.122368380535884 6.797221523864452 6.449532110358278 -1.589645772988852 -1.7725421931306151 -0.46258217049587347 1.5751371318399543 0.04584656855912504 -0.4739052754880595 1.1577531391421152 1.3744060258062674 1.142241907191084 0.29980989252276635 0.031046730451490312 -2.311504430177489 -3.8772198087110086 -6.51150450835162 -7.504252773153078 -11.860770935580335 -14.778275240125868 -8.72214477410866 1.0902586325054298 4.146181002623847 4.396028667160182 1.4890504913767555 -0.3652616533737578 -1.6410476282429092 -1.6317034762006803 -0.8972054186816927 0.7269218024372481 2.6242162742212547 2.3851661484249047 2.0225403888302163 0.8811307960209039 -1.0422009622734267 -4.566579482316455 -6.827665969057666 -10.936236795123536 -14.01127570851004 -17.104773512040442 -14.93104265764252 -7.801779954307548 1.1848046003080102 0.6432567096382833 -0.8770885271795127 -1.0058654045963804 -1.6997992120347398 -2.77765046572794 -1.2629083165361918 -0.07994557444831164 1.656859340468365 2.9706634727699015 3.2084456700103323 2.764191662853636 1.3992821174342387 -2.158889438322505 -6.522828319829507 -9.491623139277074 -13.562547901533913 -17.416507831563536 -18.202763124595855 -14.118459456639718 -8.153111339680772 -5.696899540124679 -2.8510270432374876 -2.5894784754605498 -3.3295335993094684 -1.6052842132931202 -1.4729786415153703 -0.5811800964252815 0.09261131510943231 2.243635528246004 3.6201910454063015 4.052178858888879 3.4572889408881897 1.8115340184126032 -2.946568821945904 -7.2925859070516506 -9.894067251027513 -12.796215882045916 -15.111807118852061 -15.757874928174042 -12.991598890848724 -7.917543796716195 -7.22240356094011 -4.404800667333035 -0.13976170880235736 -0.931531374601101 -1.1783957336946083 1.5861952793244092 2.2592088475702194 2.0473804844547545 3.4471739052824786 4.140168017215836 3.96468826460484 3.6960537435463303 2.063161042423289 -3.328159673721962 -7.123044174573652 -8.998455915255379 -10.924700411964581 -12.119789573664118 -12.20111981473777 -10.562533167175935 -8.127228219920996 -6.034150302666868 -5.552205939209954 -3.2693917185847217 -0.6125035383058924 1.1122229566432684 3.5936771904604576 4.100376790122666 3.5823310260523304 4.915989772661682 5.372294218491905 4.44935359392205 3.9336375653465363 2.118188686959816 -3.226399043941275 -6.2199191670816525 -7.4987052179720886 -8.741377676883834 -9.4316870344261 -9.439449123716905 -8.479941511490914 -7.061070030474072 -5.379407270955906 -3.4316086254709774 -1.7668307205664486 0.5606522135758097 2.8176982890747957 5.2793578743878955 6.593371279373986 4.922016190015013 5.457779618471403 5.1772493801181385 4.476124083546603 3.85324181998407 1.9363855834443946 -2.8526190223234966 -4.990919860344622 -5.797126204463343 -6.561954387426881 -6.991315993710712 -7.0054165862396 -6.412977045211486 -5.302306247008912 -3.7495213521127724 -1.8427604445778503 0.7086442361627909 2.856731113020832 2.0427990011217503 6.105668499318647 6.669706761162935 6.085978644097124 6.294918815051149 4.788872445571038 3.7355511466100038 3.3267288470835923 1.6334257854485184 -2.4154554086700095 -3.841023485166914 -4.297781919530514 -4.711056312358663 -4.939151335704786 -4.923133228406327 -4.527697612638132 -3.6524545865267672 -2.1956283699902293 -0.36889986434335453 1.6764200346139697 3.485966224359083 4.596565596770768 6.99430511464861 7.352342037637878 6.719994215002759 5.7204364763850135 4.54161111134348 3.534291461270012 2.8886115314958962 1.3349441130525126 -2.002342522701427 -2.905730765409154 -3.1327535409625535 -3.315997061254485 -3.404671485137533 -3.3477672824017173 -3.0452400304426637 -2.3515291230676185 -1.119371534751865 0.5019699419897702 2.3628226763099858 4.145909545789223 5.539704213625837 6.36807302021333 6.419872406561079 5.892191599824963 4.975034779284088 3.9711983028935762 3.1026020134589354 2.4470923430292597 1.0675437583842342 -1.6631236095868693 -2.2690540458980104 -2.380119054992548 -2.447405370516545 -2.459130534537789 -2.3765259857263072 -2.127360993149659 -1.5805789138055815 -0.6035882428326703 0.699710604421467 2.224895515785811 3.6678363684338127 4.7239483191335605 5.274806992031229 5.201940438902561 4.705276857312829 3.981492241434236 3.208301320721114 2.5049224206864373 1.9587885887342988 0.8449583901294256 -1.401101585835631 -1.8587992941644849 -1.925268806358741 -1.9490346082188734 -1.927173426926603 -1.8322400753353636 -1.6114440309623403 -1.170675698906963 -0.4141930913388803 0.5888440277577263 1.769083652530708 2.870176300854701 3.6355582323588336 4.007999533726381 3.9302279350318425 3.5560774758692575 3.0361369426624374 2.481995305108832 1.960021499797789 1.545335625541655 0.6842457752615997 -0.6959745674291851 -0.885212864635292 -0.9012806867873552 -0.8858931212938408 -0.8341645604090495 -0.7405197610508232 -0.5888617008546569 -0.36399663340677363 -0.04997195892055367 0.33121974282077293 0.7576314277620462 1.1436229798834743 1.4035470240110313 1.5302796267813803 1.5166267887712535 1.4089424785482751 1.2521906987318645 1.078205459947416 0.8997622543025025 0.7477303413247353 0.38760550874988525 3.4007530146085245 6.2789416481252776 7.292674595784842 8.491489970695326 9.78144413445081 11.113801651778132 12.28612538223465 13.107613324423768 13.376456942086131 13.119997354585745 12.364834472416781 11.387646980146624 10.465111322977478 9.685694593381744 9.137140006786838 8.636618202222223 7.991575682469025 7.269736496647063 6.404028058398635 5.56685177824365 3.0531076183866226 4.964981863903537 9.560376680061696 11.385331561639907 13.828020098677877 16.87782473531415 20.31413284813664 23.672482677750033 26.021236652477683 26.411195973762737 24.903128053608913 21.556440648981557 17.729289318388332 14.78006864988742 12.770204644081849 11.75975980665375 11.152077530725597 10.337573027156415 9.409523741898923 8.283384076402296 7.186874218441091 3.8676518264921587 5.281579262124475 10.303284025978266 12.384694849860644 15.307774745923679 19.15000382000882 23.610003444301196 28.11983802299605 31.319040173301868 31.82867292279092 29.671245279117635 24.870620322954306 19.578164911156062 15.943488601271303 13.72456440936478 12.670795083091626 12.01100829435674 10.963109225750543 9.776176180922356 8.516106946450872 7.361271934844639 3.923535430901733 5.401290196760671 10.514332871644768 12.704628740331575 15.979766593914356 20.582718674440414 26.20767923363715 32.276473582450116 36.78726831080206 37.71374682454178 34.80845212071185 27.835852524049255 20.387698652635965 16.115755635392876 14.489053867978855 13.739577952411802 12.886659192595015 11.486855224700857 9.889938407680484 8.462076683106648 7.275155744743101 3.802178144427885 5.183673256262171 9.710101672567967 11.66146436231468 14.874018793449478 19.851973557807007 26.474037190788163 34.37401272392986 40.70205667076628 42.542615063122724 38.90835706268916 29.11723848810785 18.699583984609216 13.743879566235584 15.513300445565998 16.40304782396396 14.277107856800255 11.961261743189484 9.625367852748097 7.962470446528726 6.855556745669553 3.4526841404275315 4.690630365960891 8.028217759871596 9.38951156105537 12.04749944311281 16.81187318437724 23.832297656907244 32.72716538617763 39.75671802329856 46.61365682330264 39.51521819559298 28.04270010599628 14.543576053900265 5.09717081717484 11.704060841483102 13.03871993579156 13.379477380938459 11.351255845457727 8.641858929857062 7.143054150487869 6.0973584322817675 2.855495153799987 3.898507751762762 5.427518094524047 5.800208938881843 7.261071686482842 10.898796950609333 17.141612714070742 25.99233016455482 29.94130093593319 46.28149296220569 40.19833350000894 22.675175924064874 13.932903107931672 9.505146725622035 12.178858969922455 10.787285550323105 10.533364567921147 9.255329425850958 6.94730240337321 5.797763464963588 4.82852732096815 1.9440875839435752 3.0761222119618505 2.667818418422012 1.8489996935083126 1.7892600641141287 3.88289304954508 8.47682412559503 17.081880631100944 26.306388257595458 31.623997026046393 32.521855727109354 22.37066216086045 14.338448467094313 11.96792431923933 7.76892795874376 8.161359279846165 8.166352825695595 6.558885083374556 5.144530868374676 3.8488137376701097 3.0352454367369157 0.745819959288865 2.4861331949651815 0.49527034557359234 -1.5266917146537828 -3.1331790222410616 -3.4097251977016247 -2.8841887843310374 5.300960363106848 15.456659683352704 21.31489134060191 23.1115616426161 20.365690427494933 12.745896953191169 8.58223650896191 8.343085344212852 7.883839837605066 5.780342398095937 3.4327589284661033 2.5164949627016915 1.5462363438372113 0.8210239237326334 -0.7147379383332978 2.1195476817347636 -0.8079912044674777 -3.606385717310153 -6.525228972088049 -11.963367521347518 -13.151367034600604 4.041370503071201 12.24984124321657 15.094994880294642 15.410770878276393 13.684193223504975 8.353367201935143 6.06957157409849 5.862970853553339 5.066830644946206 1.3542358965238304 0.04569909199316138 -0.8629939818804143 -1.5265447675406907 -1.7899430814235617 -2.354475549397024 1.9669524506247245 -0.960963197707809 -3.6707300582283837 -6.951896281691977 -11.246801014414158 -6.529884092399378 2.354449914354886 5.972289299788596 9.427234021040753 6.652777992202906 2.507237377639494 -1.12919349842016 -1.165763111592271 -1.5641763215572484 -3.773129162460711 -6.14313530320704 -4.644571710190742 -4.630724785207172 -4.556629513620796 -4.539539766574297 -4.088344719916684 1.8796746042010937 -0.4420053600921981 -2.547303214866019 -4.913551490077366 -6.42247589261771 -3.119232624488232 -2.0369382204496556 0.43914898815472436 3.947871539324582 0.9177530413146091 -4.182736983486916 -6.736288933894352 -7.153301453074225 -9.560553856409568 -11.255699555610546 -10.622978144764584 -7.703007616870694 -7.2781967855550045 -7.359335362494009 -7.1831425612271556 -5.798506796565842 1.7090158516940082 0.2701911776781127 -1.058974283151606 -2.4621867279092298 -3.274082910525567 -2.620902376997624 -6.231942376560378 -4.582584665166025 1.5241714710967138 -0.9278318698285977 -6.385726740764476 -9.952785295930054 -11.641635416571251 -12.98017746059926 -13.344479359056788 -12.970972008826553 -10.212719406216815 -9.851033455273717 -9.670333858028856 -9.517822884245788 -7.370963292411827 1.3986776239558203 0.813683111408516 0.32274268870597556 -0.30852648268956234 -2.207885774894247 -2.4678244412980135 -0.15401976235587933 -0.7169687077778161 1.563163299096394 -2.2582999127559504 -7.852362336508243 -9.499889233566723 -11.069047030122102 -13.950629712074106 -14.242240351247139 -13.363324106732618 -11.897015893834611 -11.528518359017166 -11.650266861750504 -11.647917060913523 -8.785004076652285 0.8923457690453602 0.8034289559095271 0.11384448678513914 0.05462928080103615 -3.1543025544603593 -2.7885739519244 1.599578982403937 -2.8414734945702627 -1.9319241849031412 -5.27212356843541 -9.541579002489405 -11.347409005563996 -10.92934801077817 -10.819199015859366 -11.780912447374721 -11.170873105837465 -12.660702605021214 -13.579667506533 -14.132908758018175 -13.643372437590306 -10.023774365948052 0.32732050286005065 0.585609653047491 -0.3860855110604014 1.29677902127924 0.0668192247100999 -2.2859542768294707 -2.237338877137057 -4.313836077989193 -4.448615721041851 -5.589620312065702 -8.403830441093465 -10.734641143307696 -11.79123378147935 -14.57205690135133 -16.2466390403672 -12.54223606803137 -13.414105883523911 -14.808662209937792 -15.70821011410325 -15.36364805170657 -11.095380541168756 -0.15908304253332511 0.5949470058343888 -0.2588744487280789 0.3280638122205793 1.7271969093159694 1.7782129895574563 3.572061067548448 0.9830549644128835 -1.1485779813873724 -2.783756442605089 -6.0085088206724615 -9.61057262701963 -13.857071593929248 -17.329072359573882 -20.00126932917638 -18.820288367218605 -17.30561830497918 -17.64145786727256 -17.61481761234452 -17.16560506996277 -12.00876339976029 -0.46981122911395184 0.829684792243837 0.8173419927239975 1.8383354273568284 4.246799071743811 5.265589474282834 6.929518041660859 5.975727845984454 1.9146273515395675 0.830729686468784 -4.495078249238669 -10.640733336472945 -15.047718546682221 -19.922545677938842 -21.18720755186631 -21.957164738072393 -21.934622921854903 -21.024835055381693 -20.054628023279275 -18.917390193945018 -12.747982815733982 -0.5078096778953474 1.2543940645224232 2.14174459481423 4.772445741180057 7.746463915579248 7.8762165464795695 10.15320862916425 10.387246885844126 1.3279533773625 -2.5163327267300026 -3.728930016417589 -6.405769313345282 -13.839526051471218 -19.126225412107086 -20.58527156670707 -22.609854468872776 -23.427449514681356 -22.491871590639203 -21.472968365313758 -20.266528726145076 -13.321165844421007 -0.3981057590756118 1.629472540085895 3.002320655580021 5.254216405585387 7.398134108025951 9.38835434214379 9.576591086932149 4.372256554151444 -1.8485038106915819 -7.488598013370157 -8.8332440134878 -6.098025295666712 -13.101864243838031 -17.90591924173166 -20.594315524003882 -22.449082491983887 -24.611419695240095 -24.3124369160545 -22.522375219165617 -21.176408856817194 -13.632702568092856 -0.2657277105981812 1.5873475096177085 2.8132227619018524 4.379307786189233 5.705825766451572 5.506377568817219 2.1267133262119797 -7.375163398864716 -12.667782103268975 -10.453536201321445 -12.725664361351466 -12.225938366225337 -15.504056951005273 -19.7054630517603 -22.400920216075537 -25.110757941150208 -26.832810409261835 -26.622549026615488 -23.918052929521156 -21.713218148426684 -13.58322153991339 -0.14251262139912677 1.2188856283802183 2.043114018599855 2.7598003138815193 2.809804071906674 1.1123792548217646 -3.4675867070372077 -9.54910119766837 -13.794214696778988 -11.025576292547413 -11.818433659610934 -16.74388419804167 -17.86488859543375 -22.456594617908873 -25.51805357665634 -28.24045929453031 -29.376758957050328 -27.313898031435016 -24.27656522802239 -21.79303244101156 -13.202676996046788 -0.06033357452406605 0.5880531408230549 0.9534839183116114 0.9584621552668807 0.055313665096579506 -2.2717681607802582 -6.564449694894146 -11.117327232301175 -14.501402956191717 -17.93068851981014 -20.693436628667527 -22.371243314176223 -22.76107429884456 -24.315468778888654 -23.72927823343751 -28.33472916355213 -30.57068757968998 -27.62383789245846 -23.50352748466533 -20.84590259394918 -12.500550606070592 -0.017414194302019896 -0.10630169509693517 -0.17763302247806415 -0.7099951147270726 -2.1224754427170747 -4.553537713940114 -8.129557984942565 -12.09098488002096 -15.66117994820134 -19.01069913396778 -22.489028932645684 -25.990005158404866 -26.257773415248682 -27.257719555397326 -24.990838921362954 -26.81034250715144 -27.47593242848696 -25.81279070150777 -22.104234176844038 -19.41852479846913 -11.529131393428852 -0.012487680806574215 -0.6647749411425347 -1.0736478244243812 -1.9862245712802482 -3.684105460460622 -6.159085488672882 -9.368454866202132 -12.917761056692887 -16.395736208773616 -19.596232218039045 -22.354410753564753 -24.358206012902563 -25.435318120101467 -27.9274184859807 -27.01677313421761 -25.731743940561547 -24.600210800223486 -22.961816340971183 -20.22243273917451 -17.577313889578118 -10.321431394853652 -0.04130825304200576 -1.0496218004415279 -1.663827912027172 -2.770473585405771 -4.534204086525473 -6.927111340803858 -9.869555763733617 -13.048148669217817 -16.14561679471494 -18.967405533206843 -21.31844733820902 -23.11593991440127 -24.292608205380215 -24.865707015939208 -24.650186951413936 -23.736045303363642 -22.14115291350956 -20.147007147652605 -17.71602695645339 -15.408855812518812 -9.047690895900288 -0.10677926086924357 -1.2129840383719546 -1.8556173793706299 -2.920300715012531 -4.4972213399734215 -6.559958380207819 -9.025074186931162 -11.664806264722658 -14.246401041615607 -16.605683162545027 -18.579177986582796 -20.093554228850433 -21.075754021566453 -21.45001473226646 -21.137880546894575 -20.20830454583698 -18.710935611674284 -16.943775984692518 -14.921591559187503 -13.035958310915072 -7.723237051138116 -0.17502946095675587 -1.2361388173116847 -1.8193474580722886 -2.740461023473277 -4.048448372009051 -5.726751923910179 -7.70374380053244 -9.819699606309799 -11.91065714154879 -13.853933794912136 -15.526472076689677 -16.81515365633062 -17.60656278563681 -17.870715851626176 -17.576370477527316 -16.78204544381053 -15.52963799400705 -14.077911000054497 -12.451694459658516 -10.938485174154252 -6.567576701281617 -0.3117929751125875 -1.0585142900646645 -1.4028556463978676 -1.887211871037537 -2.506974164753291 -3.263725095711139 -4.119783935823686 -5.042676058215951 -5.9970723114043025 -6.930990842681405 -7.792259538486084 -8.482571682901064 -8.903554581102082 -9.048645069122204 -8.910752767485782 -8.528144398372559 -7.930567091279216 -7.251429402707422 -6.506426050379492 -5.803960994735339 -3.613009405428255)
(UseCyclicTransform "false")
(UseDirectionCosines "true")
