(BSplineTransformSplineOrder 3)
(CompressResultImage "false")
(DefaultPixelValue 0)
(Direction 1 0 0 1)
(FinalBSplineInterpolationOrder 3)
(FixedImageDimension 2)
(FixedInternalImagePixelType "float")
(GridDirection 1 0 0 1)
(GridIndex 0 0)
(GridOrigin -85.33177929256983 -119.221456667306)
(GridSize 36 23)
(GridSpacing 80.00021712321893 80.00064023322507)
(HowToCombineTransforms "Compose")
(Index 0 0)
(InitialTransformParameterFileName "")
(MovingImageDimension 2)
(MovingInternalImagePixelType "float")
(NumberOfParameters 1656)
(Origin 0 0)
(ResampleInterpolator "FinalBSplineInterpolator")
(Resampler "DefaultResampler")
(ResultImageFormat "tif")
(ResultImagePixelType "unsigned short")
(Size 2630 1532)
(Spacing 1 1)
(Transform "RecursiveBSplineTransform")
(TransformParameters -0.26414485973560264 -0.372566135428708 -0.34087594875673505 -0.2855049523250304 -0.222471264989578 -0.2047423993473489 -0.3498023807096286 -0.9116244501613443 -1.9215538514970396 -3.2716961009813263 -4.671861007331197 -5.513974581155548 -5.559200397477072 -4.797208756524613 -3.4304088828516073 -2.0058383609040265 -0.8005571812877208 0.05380234840017247 0.5486898538665101 0.8618479819480518 1.0730134757084493 1.2160518718489002 1.3171127886611194 1.3844874772909124 1.421644113055729 1.425009243335838 1.3803600941452332 1.2528528561469856 1.0377697191009618 0.7491115755958296 0.423361585777862 0.1348972663452665 -0.08099349802576261 -0.2099010097755328 -0.26407928023214067 -0.22258511582575446 -0.19969091108519063 -0.06546223416701456 0.17618464785652968 0.6012440668545601 1.1148696457319862 1.5870095152480026 1.6715498542935576 0.6375638504178632 -1.6481051561495 -4.963135175764895 -8.528868582541804 -10.63857952347805 -10.619316774599582 -8.393256745682956 -4.620967499218729 -1.1365833698824568 1.2847582443044634 2.5532118383658804 2.8117109420762056 2.7001254191594892 2.5188293692683867 2.3824914138349302 2.3269421238695367 2.2407172873712624 2.089910485906308 1.8838833483020538 1.6105020039451374 1.2373123465491715 0.7687631330664679 0.23136967117514498 -0.3073581677418892 -0.7044130871991487 -0.9165718843285496 -0.9525200721496107 -0.9049058520493234 -0.5348568952311921 -0.15619943036647732 0.1636199458254328 0.5540742429433098 1.247396934810749 2.1056999165798436 2.970649001377055 3.3467568532936487 2.1879364706850026 -0.7313154205692325 -5.172928524289801 -10.04618035471294 -12.927247459765915 -12.876390191126672 -9.520763787076216 -3.9973647624910917 0.6664619383090151 3.4989640771361574 4.6694350074351725 4.4932472571890765 3.881155240853896 3.2788687862801726 2.851381825599085 2.624829531930885 2.3811989725742904 2.05825820234824 1.696256725108532 1.2903992589449111 0.794381500256807 0.1990987432767505 -0.46198916209346325 -1.0873959060292249 -1.4809054855785095 -1.5981296827484797 -1.4941401827901388 -1.3329514655895434 -0.6996524239548048 0.031500657734717205 0.6542872270118633 1.2142536678695164 2.2179264520946003 3.4855920616020675 4.90242878240986 5.758305782290984 4.450508620090925 0.6488568500301249 -5.193001036558679 -11.597204647214571 -14.94229873599364 -16.530189046811945 -9.920911962101913 -0.9167933700990395 3.5034549473343115 6.366754659851387 7.2711165315454265 6.499002706802817 5.2289872516639795 4.070110501683729 3.2751985084397175 2.8622994221611626 2.4558015882810467 1.9842827061843569 1.315042082223514 0.5179147006649768 0.640182364930414 -0.3806006921689248 -1.4429365008568376 -2.173208889152516 -2.5013323247399453 -2.475455287820494 -2.182587297504636 -1.8707110566584866 -0.8975884587422563 0.48290695122250915 1.5311011279859472 2.21537301868553 3.4504757250770526 5.0439959244776755 7.121811820339955 8.81048794804445 7.472667579595578 2.8867972663172106 -4.628899865926251 -12.65792619248749 -16.946998564375832 -22.83605805763016 -9.702316641940817 2.4812398071349846 4.761391977342397 8.841209975324634 9.458624708831302 8.126025704563418 6.231913055000933 4.547438934117215 3.4414534312312655 2.9371414393573585 2.535989700319177 2.5806322682559855 1.3527626869102436 -0.8298136553036274 3.4527582184531953 0.07436325207521657 -4.757240665668936 -3.6087728590173915 -3.503861356004484 -3.3197993762411375 -2.8432552018429673 -2.3858017523977546 -1.0827361832831088 1.322077850543456 3.019518826029355 3.776015066681697 4.993831194685229 6.567636122336608 9.528404207138637 16.626424410374582 17.185741764123033 12.006513145372827 -4.332838238470174 -14.876068157496876 -21.075892808641676 -23.660872909701045 -8.78774515376488 -0.8784196305991908 2.9965502471793903 9.014173141983365 8.409751363726047 6.966382375456424 6.221456051833461 4.444831290949859 2.4102807793323904 2.8226071408741107 3.5131360753647383 2.266678548652546 1.3555479129289678 -0.29262836435361417 1.186039698396191 -3.777338461735615 -8.650704882225723 -4.597909004466509 -4.311338714142267 -4.002007362690872 -3.382335456980512 -2.8094575224298235 -1.2346486442073377 2.6696734646496787 5.326661740609977 6.086263761925421 6.048385922067044 5.5598689341513685 14.713673157633615 27.932230728049888 18.256265536039805 6.397792947203144 -5.497032187671624 -16.195795120665867 -22.265012044810216 -12.10116384255807 -6.072485887041661 -3.07207571408905 7.658777267331296 3.9015665389208403 1.5029174436593733 0.8438986989557418 4.020109218382997 3.7954208502744655 -0.07513512605188488 0.43289975231582356 1.6297353917642536 0.8590960924089692 0.8605079283068923 2.5979386320199396 -1.1049262846597878 -5.678865433465634 -6.598735226642194 -4.276454297502518 -4.6772748292202495 -4.352149464278028 -3.6699402267767818 -3.040474482073757 -1.3166261893649354 4.255632740896867 8.260484385478048 9.544078536641859 6.215294339364907 0.23328768390589136 11.163870689102962 12.626907305224242 7.694267517418201 -2.876369940234165 -18.397979736029352 -24.809780343927116 -13.121704485624962 -6.290868655945359 -5.667766529975752 0.7532911938560767 15.805381074985345 9.88037117778531 0.5244052338528487 1.5995499802210495 5.371173799558308 2.8468319315909327 -1.1926480813531115 -1.1166295790863436 -1.0374018959010236 -0.397381116195895 -2.1509392694144047 -2.555593579581977 -3.6179408623365905 -6.7593931949997526 -8.091618375024543 -4.45017919751808 -4.735068626962303 -4.404758029179539 -3.7283238016127576 -3.0910024264978393 -1.3229430341671111 5.809921944625017 11.627766220677707 14.957278335018874 19.08826184269796 12.436575391096312 12.278759048255134 8.177310252932406 5.159279697828343 -1.8068568662269195 -9.882843210577148 -27.628373269698955 -20.980243040448244 -16.767029774857267 -15.553677159502712 -5.744193871080911 4.465124796988739 8.585099788388435 0.37250662825849906 1.8286209440403665 3.9033591907998075 0.18675951205757998 -0.5461834435919366 2.4389442675310486 1.9167374107359438 0.9518115754156372 -0.345076882859405 -1.9530455687347434 -0.11304145419673958 -2.1252924266613595 -6.303989516722545 -4.092229418415101 -4.448932853016136 -4.190300356312728 -3.5801207570130833 -2.971010591458117 -1.2466827637515843 7.116043941176529 14.609660365146908 18.816577300656515 24.711501046112854 16.092430971730224 13.467567047010547 9.765729954304302 7.3576643009243385 -3.28970469662642 -5.650052885052386 -18.38064893859045 -16.439173646980482 -18.461708109604775 -17.86664204409297 7.858953840657486 -5.509777340656404 -4.193634083292721 4.79383507074717 4.681172001504896 1.476790484571439 -0.20784498809933094 0.06888734944703134 2.198057536843081 1.6596483823489476 3.660474369238514 1.3197669443007127 -2.8566148494762063 -0.7681706936368774 2.513649801510664 2.965610977683338 -2.053088702802003 -4.242579962631263 -3.7468552908560553 -3.241388360209451 -2.6805392847110463 -1.080499786804581 7.957287158823985 16.388349588239553 21.12437533877124 28.549342912168896 14.652645637735306 7.171547522644394 13.086214690796512 6.070247909817507 -6.216084304219509 -8.14565499820807 -15.321557657489988 -5.064754175588895 -5.872971297189753 -6.401094085160648 3.5201387435131086 -0.711178030890246 3.162642278098939 8.077295206383601 1.9587525624942572 -2.1051618626743314 -0.12280540252477838 2.6527162588814988 1.9054865751910746 -0.9439169965155441 -0.28012986971129494 0.5243151224025037 -1.1330113365245462 2.174963188785496 3.585336907003046 -0.6197870054803556 -1.0643474884584814 -3.069843317172327 -3.12352158498304 -2.7234484810904847 -2.218654553197998 -0.8171297530391626 8.338693382577608 16.89473288971743 22.33065166265749 36.12398046467563 29.23671657511268 12.63062290994473 6.823235997931552 2.891306725997869 -6.067883675996198 -5.833273996767374 -3.62640234672965 0.7777079782802847 1.1925895102108646 4.8135046727572 4.714749557006102 -2.0662608270598835 -2.2214397715617014 0.9189110675970168 -3.2377844766006967 0.9457629870179527 0.24963960850697317 2.1640899158300004 -3.017331042586631 -2.7171825305547617 -2.9386041753587393 2.0249595755713012 2.4798219007568703 4.966545370638578 1.8714302003596892 -0.7480324197482501 -0.38090166581486234 -2.5839726793767457 -2.350740518267302 -2.0396750866309223 -1.6096275386492573 -0.4807511552152848 8.264491456506153 16.041808582171615 20.973117117961976 35.34998839554255 24.64067535300391 8.175768789796084 -5.716554132464032 2.8493802169452764 14.061296616651507 3.335804112778282 0.22621934463825577 6.432478765932924 7.525032516381044 4.369135972888111 -3.1164140305583645 -3.017299748121518 2.044434568761777 11.805186296579208 7.3775310655425805 -3.5827099565436744 3.946759820580559 2.9804953742590725 -1.3110769775990814 2.1489341227543237 -1.372834613012809 0.685154904202807 1.7603312380088454 4.767284711708702 1.75548915288445 -0.6531890362985585 -7.604959636991605 -5.79281810728242 -1.417849931890595 -1.2040340957399696 -0.8785625108778093 -0.09558211640381074 7.702958173052569 14.097148801979472 16.368565332701625 17.47446764423916 9.860814103066431 1.7943019687520951 -14.63818587076796 -5.564229079834783 1.7821096681369568 -10.816485954284378 -2.059846028815561 9.884544592827854 9.875429668420576 1.2311215930862607 -3.765593728451385 -2.7200787083494657 0.7135185629010213 5.391850716793033 9.741248228218689 1.420804829949147 10.180118837309577 9.31232587586534 1.9467492713073367 1.9635494321844835 -0.21533519877416812 0.6100028426015098 -3.548624039234483 -7.189109121485353 2.542046316896007 1.915753562688638 -3.226723489868123 -2.1037660630566086 -0.12046959083321933 -0.19222902338868184 -0.043309912675129444 0.31275932280682717 6.623151374049683 11.35148308287028 12.407860320946861 10.751823343320568 5.755982322796999 2.122181925471323 7.07619154411731 -2.2852657655107227 0.3148119812169759 -14.239921430868097 -2.7948060132836288 6.734458731001336 8.261618333345673 -0.2976019717085491 2.232247782658723 0.12236381320065906 3.7876675131375643 8.074690933272855 10.40977709018071 7.6477390192700225 4.913921361549107 -5.141769261416141 -4.389398739296464 3.0437318779001306 1.718201469313505 0.3438983690935674 0.42301620505870585 0.489175907178417 4.416365268139879 4.284788078334954 4.423723431322543 2.935786770047769 1.5318981614666098 1.0061225171716253 0.8797273491162741 0.7187538315148521 5.238318203591918 8.39681830069363 8.84309347091928 7.848525115169933 5.339025880779251 3.7051885473908226 3.8311646355084013 -3.839972796846857 4.198704871108386 2.9971407211420504 8.592672797399334 11.756833161762241 4.564172766508557 -1.1284387185854121 -0.06364864570499418 0.1234814974051832 1.56952238169691 0.8642807798432084 4.625361638276677 6.991385743061873 3.7179854318751167 -0.9799261164890956 -12.070088791427706 -3.0696467218290686 4.2991107411420435 8.798489155453426 5.156000417315635 3.6257512114688946 6.066910882285607 1.9222100673525935 5.758998237709977 4.947710815056797 3.219143725870017 2.216334673641133 1.7951628294673727 1.1056952691826198 3.7624227696882278 5.829978894916883 6.086208922581443 5.613508000548383 4.406240578410552 4.055093604200979 3.748525966555162 2.6945102635094944 -14.811414003875203 -7.29132127724179 23.562717203470374 17.87022592467091 9.12843242140492 0.9161325401897737 -0.1511775946487022 0.18271512855179198 2.7330116324726093 2.679863455840148 8.472603908712745 1.1745054015488179 1.7528963162596114 7.978554763369149 -2.6879648471785855 -5.296678939692529 3.7257453317240787 5.9024491927757685 5.582486706313926 6.166374600919837 11.30929986846344 4.024007100021824 9.537811103469933 7.650453770584328 4.683825210399438 3.269364808742932 2.6061450742053176 1.456655226486421 2.4397026219819957 3.7511363808599727 3.993660410046612 3.9479693549045645 3.4885601169438614 3.231612121614032 2.685980379988959 -0.003269252036355338 -6.636121130863677 -2.2166013840162937 9.666395758944423 2.511742461616475 1.5157104143601055 -2.523448300255289 -2.3422849373213794 -4.242279754870067 2.343496203344933 6.285798270029615 10.146456993452132 1.8715397207356828 3.4781777080698086 2.20674543012688 -3.2329714881428755 -4.112320969101549 -6.538737667864438 0.022423516226829886 3.3761810448740075 8.539198086916047 17.086998301581847 7.878696932417861 7.102680098117371 6.37901801215068 5.752174074105909 4.118814550230611 3.265935770563072 1.7396268771523753 1.5130551110617891 2.259659897099338 2.428843436732027 2.4650470331594536 2.217222340382699 1.8528187347210776 1.1067566346992759 -0.7612495802415356 -3.248570542761931 -3.9186349684378152 -1.6673662876611122 -4.493612553032448 -5.789032725127751 -6.1977286288584805 -8.56560906094727 -12.994125726261364 -8.31748633978215 1.8001089660652574 8.048706512179038 -0.6499699238079967 -9.064523062648949 -6.79097794957052 -2.1171065103368036 1.7563213057582654 -3.516370661186187 0.8192934728102925 5.016156032549408 6.521912218786374 11.357265233968494 8.814960040964174 9.747470866032348 9.654574887159251 6.665039809575156 4.7137675344582295 3.7232935388761987 1.9206099665834515 0.9077519560764261 1.2551431961991466 1.3302936717189793 1.2870079135969266 1.0130858930988338 0.5296730070238651 -0.25558585836326025 -1.5427538668353278 -3.1620036468959474 -4.185976925416954 -3.253425266714075 -5.218400453270145 -6.717454486858352 -7.470452135394146 -9.004778840442903 -11.903895449485962 -11.725672841452514 -2.627363953524329 -0.5879107490662262 -3.751312242685117 -9.240135756285946 -3.727815145284202 -1.9256201606522871 1.3198852884572163 -5.194559014840493 4.381606853003185 12.33050841194645 12.356247468822875 11.20758061989173 12.911256295015395 13.556991534688303 11.300992426017714 7.109425607033924 5.059764341588835 4.0015078991426405 2.0218153497726994 0.5289184423483485 0.6094253505564877 0.6079548814951615 0.4930404996987493 0.19648800174785894 -0.2924456453405543 -1.024413191491637 -2.044693579022176 -3.300262312318297 -4.625184133519876 -5.824890461598989 -6.829615074880755 -7.369758250718506 -7.469263193210525 -7.026954463420997 -5.757066948922645 -3.482923480331178 -1.7593591957283905 -1.9147154863523512 -2.3760404671120856 -2.2038435151571685 -1.122614583684452 0.023758366707828542 0.9561968077445385 -1.0217320288961735 6.178476469192585 10.731175203422753 11.32830213564001 11.826343172492802 13.084771211283131 12.770421565743744 9.980914251844757 6.921854369591523 5.082243730567913 4.061432066462727 2.0378750399605954 0.315971060007661 0.24516837643373107 0.19369376396287488 0.03602623565222121 -0.258679895580918 -0.7101009190794467 -1.357588394352672 -2.2677076888309946 -3.410355078422125 -4.688361909450732 -5.9300101632219855 -6.82560573126185 -7.23776823477964 -7.173726731044784 -6.636844381519464 -5.604500475185142 -4.337098566613698 -3.5841796139539657 -3.4074882946397285 -3.3663329586131043 -3.063443628814197 -2.0925924337987456 -0.43824199900714067 1.5064369859258049 3.65276325883028 6.2688994056295595 8.85375996899915 10.701865270808401 11.580994191618505 11.408103762986958 10.252378377593391 8.328436175148305 6.437891747943435 4.8749470881114645 3.9433165720866454 1.9823134781797023 -0.07226311119771024 -0.3073052096415038 -0.39934131565532854 -0.567676906699031 -0.7932464551559995 -1.0895829876683425 -1.476278463889102 -2.0083491411177286 -2.6786323056303383 -3.442800373196495 -4.1967775305571005 -4.734627476956838 -4.972362781418569 -4.897683733054995 -4.584233850753436 -4.244432503386359 -3.9646425867482806 -3.77372462034386 -3.5780652116913645 -3.101075434816461 -2.2406247128926258 -0.9977655512265604 0.5430482138640176 2.165457768572631 3.733579784970046 5.171553225266794 6.348300980071069 7.057486363724901 7.228207056690415 6.882570397634078 6.127508392384987 5.195591082086652 4.256408160092873 3.3810652286548186 2.8188660719640515 1.4845103871632863 -1.3547455905477723 -1.6199436455420082 -1.503944319273786 -1.2924944810628414 -0.9233516474951354 -0.37882705904902086 0.3794148134198339 1.4230029124787205 2.711334182359968 4.129323349464919 5.448091060604348 6.23570264034344 6.320640953825212 5.702392679588341 4.512834192665226 3.094790610672387 1.6638593108788116 0.37022722711112604 -0.6540378366514314 -1.2902014167168971 -1.4979099044820097 -1.2966386378322161 -0.7915167641802828 -0.21755538190878185 0.29635131318291225 0.6849452524222 0.9117657154646203 0.9845633929130289 0.9145862421105057 0.7210070546793821 0.4522170848641507 0.20077141957469033 0.011747143208628826 -0.09852029164780407 -0.1382444972674154 -0.11952136462866063 -3.401907156680775 -4.825722715672065 -4.870068055565574 -4.635740891782207 -3.8125153738254816 -2.4003530294233326 -0.4952840419709542 1.5632532367765246 3.5741288503264914 5.438657384435013 6.939047469667214 7.736777709977465 7.600503988641428 6.238546447396996 3.8765995421471695 1.3539130914906028 -0.9065269332483362 -2.739278149031927 -3.969660272373506 -4.438894883559131 -4.131376733479408 -3.1332745155892012 -1.7106742346838686 -0.40706281913799514 0.5037043754117597 0.9070130757836685 0.8305153361533794 0.5115982932175768 0.08253262981555862 -0.3673137959861173 -0.7555312385560558 -1.0042895341666325 -1.0893129319349883 -1.0014125213648613 -0.8543877041547057 -0.38878465689909 -4.57507575692506 -6.903962537126775 -7.156325382090189 -7.024009626397333 -5.998990705100041 -4.080518695767862 -1.515339620019331 0.8949125251990853 2.835037129062106 4.357386470755767 5.412647100809061 6.07102626694131 6.096573366857657 4.381613532410946 1.1951017751199446 -1.9404552518804257 -4.32069631191026 -6.016795117546713 -6.914094525389983 -6.901933946193469 -6.020779357565181 -4.410542830666601 -2.4223676540361616 -0.7347609061368612 0.31181258547047336 0.5750804916381219 0.14819267396335814 -0.5360304318265559 -1.2314978384152824 -1.7855269079181655 -2.1145449677003807 -2.2086469010566505 -2.08960790288287 -1.760136128189997 -1.421958419789841 -0.5654226877456312 -6.028961465571507 -9.601872780519253 -10.209717545931948 -10.35757174283876 -9.191429040294711 -6.538522744216521 -2.94067339407857 -0.13458350600610727 1.3736508963501828 2.0365016317777993 2.1242360533232 4.453577733836729 9.586364433571495 6.353541022929039 -0.0895196489120381 -6.3720956524343215 -8.777102284637724 -10.057736897771992 -10.391426313525905 -9.723684460366673 -8.15274886670557 -5.806754592199846 -3.1324285067129103 -1.0026110502591654 0.17584385369528382 0.3608287869080417 -0.89558176834554 -2.146419504315988 -3.0654113911056466 -3.7074002503154078 -3.9309696160360956 -3.8072983455295817 -3.379855661602711 -2.711753618187097 -2.1219164220500177 -0.773734144111005 -7.444406511562459 -12.385033081446442 -13.51222921402444 -14.291879221341901 -13.110318366505199 -9.467504973545951 -4.18681206212316 -0.7539003709636217 -0.6832185365378436 -0.4993528760187939 -2.0291650474707685 0.9473544451111476 10.226976257697187 0.8870990017006557 -7.446818208151143 -11.16253238819695 -12.345528836855726 -12.957657660318395 -12.73081072897045 -11.610751579404454 -9.615140499944182 -6.685381917064371 -3.389069502045151 -1.0276040307476428 -0.07562232076646067 2.376058930408934 0.687029065147004 -5.058144868515547 -5.002509774922511 -3.1512382522465763 -5.374976942065035 -5.370041820298733 -4.596343730969814 -3.5687092856737634 -2.736732356848622 -0.946469712787889 -8.690416002722547 -14.952418472464782 -16.63776728813232 -18.066021052214868 -17.118211983613037 -13.471565877605583 -6.1231561982826435 1.5863133407551877 -0.2347029232885091 2.391839628010598 -2.146549341624609 -7.38304927800369 -0.7350034520411359 -5.433596306430095 -17.719138546053077 -18.471977887480225 -12.757940353687353 -11.323223717278319 -9.03797026327061 -9.200600197917726 -10.99514784224396 -7.910394129478732 -3.0057864767911306 -0.9208785724950124 0.6709817095801364 2.8089039330520404 1.2599459843788572 -6.634203744803771 -3.8200367780198867 1.1991257390559955 -6.547519632237605 -6.566312364860618 -5.428809634317895 -4.122808256548834 -3.119480789919606 -1.0425664159321626 -9.529445243117147 -16.838100810523297 -19.030702963748006 -21.630255656624 -22.01509008423224 -18.280067761560115 -20.361398315108403 -3.015812243812762 0.9576643414445449 -8.737110191356729 -6.580608201596258 -11.809110502983598 0.22154127626296502 -4.107772537218268 -9.092496045582548 -11.597441551813706 -4.569312634005816 -0.7571359828417525 9.228263562801496 -0.3448716515127665 -10.384982607233468 -6.450560783173272 -1.0308218582870867 1.428102934723191 3.3621668446173407 2.4757326135025637 -3.4108247035178536 -8.517950600981987 -7.891926053332492 -7.425848152670334 -9.721847760128332 -6.982414145335763 -5.5206459055795785 -4.124303313095231 -3.087844667436124 -1.0072547777660927 -9.929536969615276 -17.75944972514491 -20.293008728662038 -21.7857775549269 -22.38644378670627 -16.007284833563617 -20.737499322516612 -10.227330124524503 -4.9581034080964885 -3.4770757949200912 1.3311125409704514 -0.0256003739673421 0.33897520560594574 0.4516849207442167 4.140844071178946 0.8000717678374496 -1.1497217264254462 -5.877607089953679 -1.3680350051928778 1.6550276125792929 -0.6084502307973022 1.977550684710685 2.7554172971339903 2.025682209848484 2.661908046849057 2.1235108727726972 -1.5778788145351073 -7.073143858660694 -9.187280221557845 -9.712671080595314 -9.13871805695149 -6.327536191917874 -4.991352054433769 -3.7249260871756804 -2.7754000684348314 -0.8904362570977509 -9.850981738952765 -17.424598568169404 -20.3052837253126 -24.124909402217224 -20.240223858503956 -17.7224637957518 -19.30225309279837 -18.857546619689604 -17.698158880595667 -12.553693576761003 -2.401369430931073 8.090033452027859 5.768353531528463 6.788951597797933 9.168313907686526 8.157766192783193 11.736209009668183 8.862600153661232 2.10651637270413 5.269619209094366 5.893967250167309 4.599753664504729 5.33632373313683 3.926037555044852 3.4782950577280523 1.8251590358110221 1.325503479283973 -6.766780285771688 -8.070448307885972 -12.277054928276849 -6.444008930801171 -4.794975374713443 -3.9674447356893676 -3.0795239423192484 -2.314010612308176 -0.7410207957362139 -9.202331652549587 -15.856943811440866 -18.413935690846507 -25.968340190724174 -27.9195143414897 -16.9085366277165 -9.076229808508632 -15.014809278042659 -15.133605396481865 -7.9500594674278675 5.478456699609999 10.881519347664177 7.068795561219413 6.549568438206286 8.121703144781728 0.00657968661992277 8.74020717178685 16.67319237202823 11.257455052974667 12.1149389075872 11.886736537997368 7.377576065453898 6.824755061968181 7.348045325451203 6.314542403131622 0.8518289193959571 -0.9989456139841983 -1.6966983614975337 -4.952041456680429 -8.87510032325884 0.7894647861126147 -2.4890777052942017 -2.916200190851965 -2.411560052914894 -1.8463739706576248 -0.6057637007621002 -7.892724694035464 -13.077877126214739 -14.839420402107436 -18.76381515463076 -25.62459449027221 -19.19572937760826 -13.146059718509948 -7.86324887287462 -4.075189492031777 -4.6746194687696 5.08483609664782 -1.2071325732146339 -1.9742296621103466 3.718162253222436 13.45472806279761 7.743843596035915 7.383874681847275 17.916992892722405 13.153354449987216 11.927318712858588 7.980882248177259 6.448491993050442 2.0609570488376674 2.780384088872861 7.130573945735005 4.872402068025025 -4.181921535389453 0.705623262771318 -4.603060182612681 -7.9703480373617746 -1.744380449317027 -2.1391634319343105 -2.297368816722195 -1.9448847366989916 -1.5146697594288412 -0.5314050574151963 -6.225037172200536 -9.69931959032651 -11.139866871491959 -15.417094946954522 -17.969858318797016 -4.298667638693625 -4.543654089854161 -15.335033412331802 -12.802918203800303 -6.429556024257003 -1.5849392920317695 -2.673749912629819 1.8658733612327056 3.143424916231934 9.418845972808505 3.0059622342101737 5.654437757923215 14.118924068425152 17.966934604100384 12.932847103539391 2.002164105562286 -1.5338902460058392 -7.400427282578351 5.9099306383521775 8.332310854355013 3.81321695954109 2.112381021577291 6.311136700344833 6.50898889779824 1.1455121237609402 -0.07598054269670616 -1.5111051715666928 -2.0494237923526626 -1.7372079281502089 -1.384332726530661 -0.5380190513737287 -4.501943399914883 -6.320851119112018 -7.016137443477462 -7.5758979806647355 -11.418582095117326 -4.732179426491816 -4.441108752648415 -15.34306989999176 -4.428247632846338 -0.384721292564236 -9.980582283140816 -9.144460867749903 -2.466885291910959 -4.6355829428549695 -11.111218688454573 -7.528627368361603 -1.3939195425488968 1.3363816196354759 8.710721481651923 2.05395210559342 0.4867217410085361 -0.37900155566008953 -9.672436950409232 -0.3448812733451705 -1.071654556309366 -0.018969102846080034 8.749628409496102 7.210057142731452 3.042066141011571 0.9142451720180017 1.702121496297864 -1.3720395247762711 -2.115124184879551 -1.8484748530188622 -1.5213669976918103 -0.6457683972230468 -3.029111615326278 -3.464224585193469 -3.536316299851899 -0.13822201640099271 0.8779628019170658 -6.868411848044714 -1.3369836045892036 -3.7400105217537036 12.370089580395922 5.1487595552491 -3.100283145920485 -17.734126658488268 -6.120690084393307 0.2962489115133928 -13.004008271237515 -8.498692448195225 -4.045267106690247 -2.455632487376336 0.011916475499664769 1.8553976894499349 -4.8710046866267875 5.906743378550576 2.862539590774289 -0.03452944200630009 -3.473536355725308 -6.0776367942920535 -4.384633738914324 -4.228498196673345 1.9751943274687 0.3259770514628187 0.0778487568430968 -2.8369049122738073 -2.6374407572210643 -2.3958476743204886 -2.011926905373807 -0.8712174819959072 -2.1123084671189787 -1.667595742695363 -1.4426068475822635 0.22548863973535557 2.737751125263235 0.3009423200448172 -3.4577106135456024 -3.0703478711510774 0.9094329295195228 -4.206343532085499 -6.805015472224909 -5.156120098587232 5.799881937806937 -5.3595443780500505 -13.281219929110247 -6.393716833531288 -3.440786266384719 -5.60717281798109 3.2602988126261274 6.1351549971193124 -1.8755154332622954 -1.4140580129720288 -6.97782175109137 -7.625350167611931 -0.022212642435268656 -9.658109487720118 -10.541857361752854 -2.1927651680087057 5.082726737091562 -2.4617385757971575 -1.257431494255057 -3.0451090063877384 -3.7381697890792926 -3.494202512871774 -2.942060305214042 -1.2309234984189008 -1.5829393974970807 -0.7816953269691982 -0.2525457357610957 0.8414001593537381 2.1351893973449916 2.1914201054110403 1.6725185976693042 1.2023433176440357 8.009762583821669 4.8404393241110535 14.215575919581172 17.78923110892165 10.711678943251474 0.572504732317884 -2.4648981871666513 -3.8523922612081294 -7.620123335820491 0.4337526749236484 8.316702790182607 3.0486942250669977 4.229648979764115 2.1923297293392072 -2.232676526760081 -2.0196644669661423 8.882065936815406 8.800066682181741 8.905917823970011 0.9079388632891761 -1.1956443967437724 -1.9949115651760674 -1.9495857730271877 -3.9353447492322347 -5.131565907234917 -4.821672306636792 -4.039105013511385 -1.6336216600795417 -1.2727479123225078 -0.6631266065787693 -0.13175671161154276 0.8989318713425193 1.9953709428329205 1.854581688315609 1.7333530954347551 -7.234980603749231 4.743802409247333 29.687901231176355 18.724689030173234 20.35832933065858 3.3463402284184296 -2.325421394402385 4.032875934310408 3.0865585757002725 -1.2248626525674586 0.13207198857263805 4.635028192236376 3.5185267465301955 4.8180151701159515 8.130267762208003 0.36841924371177986 -0.3367467322693002 12.055550596365691 11.979913757082663 2.8857443702577688 -8.235997300910192 -2.96924579332649 1.2760489792312795 -1.292033889416253 -5.076553134946468 -6.531445027907915 -6.052892762433234 -5.02994865540704 -1.988047426917363 -1.0504405135959007 -0.7969660954675929 -0.3897134911414386 0.5523642617335704 1.9231536014790502 3.1434712013228157 4.564102546370976 7.96383743814809 16.81964256212508 19.35518737243406 2.880917166392254 13.591316987395956 9.912698477507584 -2.042177140371636 5.912969844007461 5.077018169852658 0.27705678004868145 2.012876377461501 10.136459593364208 7.2381790086289115 3.9178705615195883 1.2541191417316544 -1.9783236967412159 -1.7066253971520788 4.362005386773803 -0.467581344970532 -2.165836613571799 -5.839216763825107 -5.534965073579472 -8.312272520993295 -5.835854267220419 -5.353938083458908 -7.497390381514202 -6.827321426927323 -5.628883463684342 -2.1969607968461613 -0.7830235433043701 -0.6640951927494446 -0.3288282924325046 0.5865111100627453 2.1213419719425994 4.0762985699314545 6.521013089461968 10.115149995923323 14.0580143803143 15.099318894991764 13.35366942160927 13.904882968054684 13.472166582705814 7.127976395041583 9.76476060612954 3.7817961642271927 3.903252298713723 8.069050450681997 10.837011357600145 10.128666904056988 8.247750609898992 3.0109752268261 -0.6600666267421501 -0.03733300011994233 -0.7070727656228546 1.9903259407985934 3.349509479337419 -2.1750907654581075 -5.266934750600677 -9.720136908330243 -8.823719458086346 -6.38182073230947 -7.685727878025791 -6.781753301509646 -5.543136677727438 -2.160582934216406 -0.5073238233810241 -0.36370358218626553 -0.058286193105456546 0.8397307011856014 2.3975999363499714 4.527093787128812 7.05263711434986 9.717469816274702 12.075490052794805 13.317141824270495 13.949332408086967 13.32301565716803 12.738743527273023 12.642734423506425 12.573331119368495 6.36054618213324 3.9929570022799883 14.946474100335532 17.095421643365917 11.279854889782465 10.007534355496674 10.112983126700307 3.2684997289898816 -0.8885401247593926 -2.1714523791464715 -3.9723642744973557 -2.408048396863487 -0.01906534920252626 -5.140435979533599 -6.933137767494023 -8.000114388878442 -7.1172145423404105 -7.261822949803153 -6.197962611036733 -5.020997587818166 -1.969789429779154 -0.23689477742320242 0.034246062909468696 0.33402224342011055 1.1526515277613816 2.5307220038036284 4.426749449966261 6.628360405682365 8.672908172065798 10.327528716374891 11.492473179190245 12.25620998333234 12.88490020783901 13.52226364813335 14.030666823346522 14.420649559334178 13.997440093155976 13.992192438443755 19.322398589061674 20.968073342415238 19.136806571866543 15.409220416868278 12.411361087493843 5.607632022899663 0.8465151726353735 -2.2598637676847013 -3.8008407684958687 -3.465367747783819 -2.259651084855041 -6.481202196883108 -9.876078673029575 -8.491077457504648 -7.06573610147466 -6.310985158832224 -5.242034325996402 -4.218304280876115 -1.6803682193602314 -0.018232431224231002 0.3874463932395516 0.6877709746211684 1.4111819042562381 2.556662597166124 4.094383346609844 5.869229581712419 7.550170278017172 8.989608124163908 10.147579995037898 11.111522454627362 12.175495050722153 13.4184753575339 14.722696125205234 16.081490520954375 17.609402316105502 19.22590203290006 20.813325582561966 21.674534842467757 20.625992164966853 17.617125939916964 13.416051962279107 8.577924639683255 4.190356204769718 0.6222441910799381 -1.7102822362526697 -3.0214725262166136 -3.94398053563897 -4.989934330516988 -5.916998335313391 -6.171386764722124 -5.925611763487492 -5.267257209655785 -4.287209694485642 -3.4342676978757396 -1.3960941893952095 0.42620974995724814 0.9751189882929991 1.2216607899852037 1.6989748951327202 2.346639213282506 3.1566798282506614 4.066755840721893 4.9629335118152405 5.807314987717079 6.609187102821999 7.43823212358108 8.473384879793663 9.757153954029688 11.233889865006692 12.813965958753279 14.360433401523633 15.690187943378461 16.569282159310738 16.730039012778388 15.757584879268952 13.60805262712148 10.525910244455154 6.927396113169465 3.573040567544877 0.8589543999659798 -1.0320858559380233 -2.132103266578048 -2.7954237051016317 -3.183480932098886 -3.3520592458011067 -3.3325601394980686 -3.0749387377343425 -2.6335067613864496 -2.094973033022077 -1.6798851400365777 -0.7312064006349803)
(UseCyclicTransform "false")
(UseDirectionCosines "true")
