(BSplineTransformSplineOrder 3)
(CompressResultImage "false")
(DefaultPixelValue 0)
(Direction 1 0 0 1)
(FinalBSplineInterpolationOrder 3)
(FixedImageDimension 2)
(FixedInternalImagePixelType "float")
(GridDirection 1 0 0 1)
(GridIndex 0 0)
(GridOrigin -111.8976525923448 -119.260590975973)
(GridSize 35 20)
(GridSpacing 80.01162529677384 80.04292990171751)
(HowToCombineTransforms "Compose")
(Index 0 0)
(InitialTransformParameterFileName "")
(MovingImageDimension 2)
(MovingInternalImagePixelType "float")
(NumberOfParameters 1400)
(Origin 0 0)
(ResampleInterpolator "FinalBSplineInterpolator")
(Resampler "DefaultResampler")
(ResultImageFormat "tif")
(ResultImagePixelType "unsigned short")
(Size 2497 1300)
(Spacing 1 1)
(Transform "RecursiveBSplineTransform")
(TransformParameters 0.28914455883315593 0.18331429421204712 0.06676187180300507 -0.07819421560678216 -0.1993007646378945 -0.2562322942040999 -0.20364254534248227 -0.046735598012704105 0.20962300139297335 0.5717798806221214 1.0461149482311238 1.5631530302102097 2.0534230953453942 2.4507725697325915 2.689011471256608 2.817797324778625 2.886826730106803 2.95064366826622 3.063730511476674 3.1890915405882296 3.2897381325194854 3.373087888968839 3.445957612374344 3.460077385287002 3.356886173345132 3.104392320530165 2.6699703043983702 2.1731928948587047 1.7138539945294433 1.3029990565566687 0.9567060139682415 0.6607586148476083 0.3797553255984089 0.16113509065299553 -0.2285018863357615 0.5809595746876679 0.18022871312909347 -0.2322978044894328 -0.7587051535640891 -1.2330221095408145 -1.5474299343091675 -1.5750124177318976 -1.3106232868728536 -0.7480415377550091 0.09637379793222511 1.2058808166230264 2.3530611380760953 3.3106841402568756 3.886075703630201 3.8866135326314546 3.647460057288296 3.504494584616395 3.4736999101462764 3.5578926630285332 3.5898495728099777 3.7283366907004614 3.9348866769088224 4.015372593378422 4.67817172663739 5.049710969300742 4.7017473212919025 3.1877791692621043 2.1973154361757103 1.3797026076188112 1.132855283270242 0.9452953839732047 0.7562947591784995 0.5544988600047602 0.3692245931817021 -0.10690169852692954 0.6649122064645189 0.12141299111789174 -0.4324483546946369 -1.1525656205875856 -1.8304963403774492 -2.323689244947399 -2.463519144980429 -2.2219724371865723 -1.5663942606681223 -0.5094070030941705 0.9629240482339629 2.5028132503110414 3.625078080763558 4.027763961456742 3.7037662589752554 3.105077927590913 2.95694019528016 3.5717499620967805 4.2242544714637935 2.8910258315021666 2.768145128270417 2.7822795490022316 1.1869156221771775 3.768086868182087 5.659653463137319 5.266203936415833 2.360824167959441 1.0338446520849862 0.1987598700818988 0.5666679040754632 0.751450770122559 0.6733587289809613 0.5280851724194832 0.3779782647107568 -0.06952489103116247 0.7988144880201429 0.05487965001481487 -0.7032782536388057 -1.7089400602166556 -2.6965021636740243 -3.462158178457531 -3.9637286384262254 -4.123275977234573 -3.657976797125575 -2.188344651642405 0.033409669183032266 2.5176460217806222 4.586427012207507 3.9176174663853782 1.8371793642820864 0.6310009761959195 1.6542137348976342 2.3743813477223537 2.6271040827549563 1.3300019101572502 1.1051015115956113 0.08046564592191428 -0.58026895127746 3.2890083090123525 5.992761016181016 5.716498899892966 4.494337427751973 1.8906631582735591 2.230377003458003 1.6205023855545255 -0.7235741434755506 0.40532856208182916 0.6564228514837814 0.43351551295357843 -0.04821586057846726 0.939412718578152 0.12623724089102925 -0.6610720898691816 -1.9013570104881174 -3.367728343471021 -4.588214840984671 -6.021022089756025 -7.260033318872084 -5.148328287983603 -2.3118655219128352 -1.786708011105862 1.2949133346207518 6.005058557573381 4.324399289906173 -0.47098326160995924 -3.745179929025616 0.0601830092140972 0.14923088792216577 0.2889614159743241 0.48660573169877525 -0.6130460612806031 -0.5982500703457146 3.4626717844836503 4.866176162535526 5.132429470030479 4.592291939191074 3.6648145975634163 2.50039322825644 3.847966219796749 5.763397760632478 0.6848183876731255 1.1312181769318361 0.8659176787940754 0.4849700386385303 -0.065096972642455 1.0868326804863704 0.7136027261654573 0.6680844447647444 -0.6029249116443877 -2.4581238466570143 -4.984047769983795 -3.8736544349735893 -7.377918086858457 -2.6902616321913566 1.462245661890652 -6.173953453694247 1.5587054085460692 9.247746212767582 2.4951340403767643 5.090659107115816 -4.522319093449123 -1.4477289242343323 6.2405906765909585 -0.19503551699763944 -1.1286336959828593 1.0832755627451616 2.1351954088550475 5.523319489760704 4.439518266539753 0.3241753496680327 1.6042437295761018 0.9931782855646489 6.627577722399812 4.4309802127559905 7.0523587925326545 2.8353731141415905 1.397483038653234 0.821088227330919 0.43771654192299675 -0.09753258960296118 1.2394570572061012 1.7558937526314442 2.178902453689208 1.958080587761878 3.046168084198688 -4.181972866374483 -1.6856960485818242 0.7835492948519579 -7.147052871381049 -4.365701575867507 -6.299408697527804 -1.7155284366388244 6.353721193602577 3.213881936125596 -2.806341722686545 -9.327064969725585 -5.177027044967106 0.3503698663486534 -4.818266820897544 -3.2574549870321787 -2.692315157891908 -0.5343071762645388 4.927216943493126 6.077648346596518 1.2425242310045284 0.4783679505512942 -0.4387755583599237 8.528917760467488 -0.29484682967138426 -2.554398967984834 0.32607071434192353 0.7735378857818107 0.5220835760865389 0.2946995687852148 -0.13736750141690252 1.4449969556417377 3.1063224142785497 4.444434730104545 4.1168840698954625 5.640631790054836 -3.6233420998165324 -13.874478533197212 7.707533316084101 3.0177797893952256 0.4878734966926109 -0.4356937622850192 -2.277110846518257 2.0258779389881036 2.5801920116700594 -2.3951920551098733 -8.533190262723986 -4.485641011700944 -6.833726620374794 -2.6177654139411817 -3.7168793855509628 -0.8157262562966126 3.7277766918515702 7.096217153448896 7.955559270518831 3.0145517702785978 -0.7674510926951688 -0.25130358376369305 -1.5239409396339878 3.6222716805505004 -0.6778729118844579 -1.0279735253034226 0.1742399774286533 0.3077643276633986 0.17471523081083587 -0.17651921144540997 1.6180161679738307 4.29262692858335 8.406860129412145 9.411881838474631 5.681001909311412 -2.6803594688340944 -9.755728104155978 7.638939835865692 6.773057977050228 5.355408229720771 3.62805600675294 -1.8462526017084748 -4.665713121131305 -15.441930227509786 -12.284972009716927 -10.153916856895076 -6.450247595176615 -6.556695832959489 -3.0660470753971136 -6.403341830936329 -1.2142641936111114 4.835093617390888 7.0074477471995165 5.601632885295643 4.385550059172123 6.5343453078396765 12.321752676731927 0.725973745722661 -1.3608745852021147 -0.7670263670422058 -1.549033494978174 -0.13820859691565282 0.23361290800648313 0.0983491813320239 -0.20887716870853854 1.491755347833021 3.990981575709082 7.93386756420991 7.808846109834314 4.157323843868316 -0.5525281835074703 -3.1405825691035374 -1.1695575101552078 -2.1277240416709406 -11.568019483193204 -12.247054014254841 -12.09789411973305 -13.065006546183534 -25.95127631679019 -20.227689962475406 -13.402166516305925 -13.91114792104069 -12.445096120993952 -6.7950478139689245 -5.93477302351361 -2.3862149952334533 2.8454883973466685 5.5756850731984535 4.866200201714943 11.702591852260394 16.26344874985275 20.23607883178785 5.225863158984252 -3.0966453598027748 -1.1750952527572653 -1.1523643744096879 -0.08105817587485756 0.14795023360575243 0.015162527441622687 -0.22602677762530318 1.0326806905364958 2.534038100440165 5.3232916724784385 3.422095808786853 -3.5820529948946946 -7.000829330982329 -2.1359359208557325 -11.123026499422693 -11.698827771528205 -11.659590229646957 -16.754285655895757 -17.91186882642453 -16.68961084575838 -17.814331801392512 -14.285690584692627 -13.662572845239046 -18.984130514664677 -11.92191580348279 -5.349518144707781 -6.526242345949284 -5.859659019244592 -6.92895658050171 3.5481952156856713 5.245590004625509 12.220109285424842 18.069603115863384 18.349492528859564 15.87962501711323 7.509880310550644 2.6993952263105054 0.4853321094693268 0.16240454992730377 -0.02780505968176526 -0.11225512005522202 -0.23519110795817239 0.39129590727448216 0.5337615590144756 2.2205117111801984 -0.38627928230261116 -4.3432155109882205 -5.042557839944464 -3.2457849543718105 -11.802686462212947 -13.871211166995518 -13.453562035228003 -17.66586504149948 -11.449831625632461 -11.736803384898693 -14.705345649117024 -13.854751474554957 -14.49135058785108 -15.698252664150234 -10.374340824999049 -7.155479042482696 -10.042153495151616 -6.821229651107591 -9.152470167758805 -1.7453108507618675 3.3800126467930647 6.241479994798666 11.676401476614574 7.408520254503481 15.054572851414738 9.225961833590855 2.699475450104451 0.6300448845630459 -0.14470736987548946 -0.3753220932004505 -0.33946197969813313 -0.262971022283885 -0.2907159726337012 -1.9780018731057134 -3.1234999664919822 -4.914267890552909 -5.768940305959889 -4.442724316517539 -4.179327523313327 -9.010115194468131 -8.982370484525939 -11.006482579322407 -16.0936271951601 -12.005990450829932 -12.908246293272184 -15.949088948822748 -17.282713082434768 -14.587166305695492 -10.608566892997818 -9.833228298529209 -7.75420276680969 -9.87969336596525 -9.125795543634922 -7.230545213334599 -4.854181767440392 -2.648968103099164 -3.298563251265075 -0.3746864161830443 -6.797240879727827 -9.71453776027947 -1.1195694578386333 -1.0748087662424448 -1.079382956544121 -1.088478263319472 -0.9008872595426873 -0.6749823356510567 -0.3196946474464989 -0.7836098266843531 -3.022507555468009 -5.101951955247377 -7.2761720931690235 -5.3510489487645305 -4.550397057964336 -2.9449310759476655 -5.351147381712076 -3.1775233327704906 -23.129243382349447 -26.84858318829552 -15.334910859569048 -15.12257512231836 -16.896796068033375 -16.329330647854377 -12.193660118678078 -8.652841767896367 -10.791004857743859 -12.02069413174839 -11.065722413489643 -9.91232108758622 -8.959311005406047 -8.919268779590194 -8.494180587299644 -8.96304512296759 -12.690785533618305 -12.758041822562726 -14.16042653866387 -7.624523678146764 -4.55231672407953 -3.0102410876702415 -2.206296828691561 -1.5500022628344445 -1.0943089823930692 -0.40716170416845293 -1.037718938905792 -3.225913627252692 -4.744488571703254 -6.17382671321134 -7.865882841970018 -12.503337161333686 -11.900142339333348 -16.0872337350079 -12.523635975788537 -23.43578348448311 -28.81497216459116 -18.271404459006526 -13.630275373486242 -14.882498521184756 -12.51638207937102 -12.673366946130916 -11.15134638744411 -9.675282233744413 -11.29964998500868 -13.226812370335068 -13.526782665285458 -11.763945489195088 -16.011642104938087 -16.162135204298767 -11.060014181978138 -14.225883871001633 -8.26980038022612 -8.89604712399581 -9.35962591825321 -6.4546397237151485 -4.518157273877527 -3.2349492868780874 -2.220780892651553 -1.5387295030438304 -0.5172041903523418 -1.1727957533560616 -3.2101949888081647 -4.252695676228507 -5.662255978526951 -7.8208044384948865 -10.549570149284973 -13.095228183868452 -17.986482252413225 -16.561738730675522 -17.573048335281904 -21.415460825239023 -21.999643154022838 -14.401247170426483 -12.58025541875055 -7.753766970100953 -6.50019852264018 -11.739850077489963 -10.954476717743 -10.447751373621815 -10.858410630043306 -15.287093188972333 -11.89263041995534 -15.561388807484482 -19.614439306094106 -16.629926035680434 -18.6579996811433 -10.965135473406269 -9.69207317962126 -9.707736107863552 -7.352426738554415 -5.46191525625655 -3.9540040689665927 -2.7164234258621263 -1.8849804973842488 -0.6263893969309982 -1.2402155407520339 -3.1322640306772795 -4.062897595369271 -5.357938979544807 -6.970750077040977 -8.810333621971708 -10.755757385300907 -12.709654406442779 -14.148920374021547 -15.50079858865637 -18.564044382275757 -23.66116580801421 -16.274321228930088 -12.06821308092577 -8.80132527967559 -7.862119529108503 -10.333284564958714 -10.22239250018105 -9.798633265008508 -9.19767560975844 -11.863637089810705 -12.902349778507084 -13.054057455784113 -16.12383151814471 -16.944745123686502 -15.568949533384423 -13.334930205414423 -11.304531747253474 -9.37977101280336 -7.448611696051392 -5.723405786716492 -4.229957533255848 -2.969158335613405 -2.089695327621739 -0.722991441294456 -1.2572040175482797 -2.9827465768006327 -3.806962403178423 -4.933681351970921 -6.3046617513496415 -7.882051002413985 -9.539375275665106 -11.081165261892341 -12.315472820512566 -13.33428494781027 -14.529084628344977 -15.732205981810798 -13.999274363704522 -11.696453648330925 -10.348429987866208 -9.534979451267425 -9.64998771087756 -9.433914602107377 -9.230513751677961 -9.283785999258525 -9.460737896920756 -10.586204121728017 -12.083946045184634 -13.545368161503461 -13.907979818974903 -13.292873722094777 -11.889119871958812 -10.111995054511969 -8.455622635193299 -6.906696363881768 -5.423682148191949 -4.10049024541344 -2.9637823151180447 -2.1413814754439455 -0.8030039935286196 -1.2675269747431768 -2.898379528120284 -3.6595016823962627 -4.6649642458007605 -5.834215404795926 -7.163436277243921 -8.561729458580977 -9.890464470935186 -11.005682977119063 -11.914141878215913 -12.625064996624738 -12.937977876681835 -12.676421057702887 -11.831942078980479 -11.073472864939545 -10.323501163251857 -9.971753139809184 -9.70105501617392 -9.620219419863549 -9.814238487784534 -9.844951660301708 -10.200394962312183 -10.975802062557777 -11.679899618595474 -11.860500013364113 -11.457474477260872 -10.41065519594068 -9.037724305728931 -7.654988927032063 -6.299613916687178 -5.005211085478894 -3.8509664772649037 -2.8514445892942883 -2.1187950830861495 -0.86035379670411 -1.0639513581980802 -2.229187449690483 -2.7443316657627963 -3.388251453308692 -4.083733068968062 -4.849843291404975 -5.644145802055874 -6.430721467404211 -7.169285941249537 -7.7852725056894645 -8.203774805985802 -8.461494814704482 -8.59335340897092 -8.580040926211025 -8.442529274321341 -8.21301900701506 -7.92972890195932 -7.66780707479627 -7.504082876528324 -7.386975057844402 -7.263725895327699 -7.156002865728032 -7.083691085174997 -7.002463351322707 -6.86807535323324 -6.604233269661204 -6.134675593799928 -5.510467614248437 -4.782440417285756 -4.029479322093929 -3.327267144309545 -2.708177619327244 -2.1585734894471384 -1.7364370422069586 -0.8588172223739436 0.37974990499956 0.05018347597352903 -0.18426011097260256 -0.5310121823717757 -0.9653245410347868 -1.4947110636396401 -2.1100129840527053 -2.809897418832169 -3.5918155008371078 -4.458452501488071 -5.412428995839333 -6.3868814439242705 -7.314939409312563 -8.116683276698577 -8.712153368851897 -9.10579153753579 -9.302156533460595 -9.344019963145193 -9.274136319038682 -9.11429055851451 -8.886197072137536 -8.56502096646909 -8.127944377928339 -7.605858763668419 -7.049563244921917 -6.461146702346232 -5.833750064327134 -5.184788976178188 -4.510252661396464 -3.8447712025008385 -3.195308034507847 -2.606692724271077 -2.083395028955014 -1.679282086002154 -0.8199545928447688 0.8272668507971522 0.48535715980992383 0.19199780624807183 -0.25473709969020586 -0.8214633125256362 -1.5279410771092612 -2.3770800064180584 -3.408216593862729 -4.659117087845914 -6.1084977131610785 -7.734818048366715 -9.50663722415553 -11.393124882455545 -13.120823599437717 -14.42024211392826 -15.03588612537553 -14.70213102712742 -13.973089274727366 -13.445649580011056 -13.181206128560172 -13.090649820496106 -12.917969171055232 -12.44449523728447 -11.357414275814023 -10.36090359755358 -9.417099614125263 -8.648062839839024 -7.8007653589852275 -6.411667617534026 -5.055826398432389 -3.973658434346548 -2.9706318405883927 -2.2396011017435105 -1.759269481445408 -0.7705421199282214 0.9504335899205504 0.6007161187891522 0.2769310312340415 -0.19267032943351803 -0.7419233089799285 -1.4125494344647507 -2.2306418421445438 -3.321210136947147 -4.795744611033922 -6.582447740117023 -8.531203244909364 -10.58036261594087 -13.052758881108602 -15.425773249392774 -17.879567980256876 -19.04787719373438 -17.046673898160726 -15.1969432795089 -14.168252946532359 -14.332372811460235 -14.572690437147239 -15.57294346907779 -15.677476666543104 -13.794281443311947 -12.042820498459644 -11.362057071381784 -10.649525870783968 -10.132579905717213 -8.490648389184361 -5.5286644627276855 -4.277821975518964 -2.863100023851141 -2.039362761698563 -1.6131565662181833 -0.6857394692915084 1.1546686079125825 0.7776533962152367 0.3997086271594175 -0.06343159904445192 -0.5022621735113132 -1.0010462144916068 -1.572382610997903 -2.764017352211717 -4.489306886963379 -7.280739299294527 -10.118411757566975 -11.456786332462112 -16.52217968298103 -17.62596240845764 -19.652499376171185 -23.1387141709214 -19.7064803017572 -17.118239223129976 -16.600482432268983 -16.450264168943523 -15.280619631227841 -18.116664966760386 -18.091616257726006 -13.050495508117569 -11.356964041520486 -12.609760456479604 -13.493977942940605 -13.161891390326934 -10.216431183738024 -5.655356765660316 -3.2203477652247567 -2.1042132321379827 -1.6846922247549159 -1.3864365545600572 -0.5821099745171421 1.3924535941031027 0.9761832433806853 0.6256121788263725 0.6259115693368486 0.11189046473968771 -0.9596104672858994 -0.6004925368873033 -0.08369026032249192 -2.487479828278755 -7.121105525655482 -11.312212515975475 -12.745971122302933 -20.276879065044245 -14.48128318115891 -11.572378912595273 -19.064859270295734 -17.248738436971507 -15.067954709310134 -16.913093224676114 -15.691922804962983 -13.66747479327226 -15.769567500764092 -14.786877386973403 -9.904245676141517 -7.984386892275039 -9.285292024056165 -13.868907648888218 -14.134835669709865 -10.889654718922433 -6.960535231143803 -2.1566953495178924 -0.8869159718255641 -1.200195639573006 -1.0899574024551761 -0.4758165203426315 1.6968569568438066 1.1786099477305934 0.480128938880342 0.1072641496670318 0.9920505210408507 0.1424144262651942 1.2780365536374445 5.204872314959487 1.836485431543269 -1.748363349636982 -7.43742517275145 -9.979075640354688 -13.076582796101741 -6.508728329852082 -9.215645255850882 -14.039118848033695 -11.434803726949271 -12.089513410278967 -9.346753223090198 -10.840713090594127 -14.12597799638065 -12.66443739254927 -9.303584405526662 -6.529442113228313 -7.230589812923376 -7.672989415213619 -7.251585277140428 -5.362509639704102 -3.9519753564596862 -2.0688258197762823 -1.8304431969730448 -0.773477016603128 -0.7369212381411352 -0.7717970898218368 -0.36110863263465176 2.0952926414317625 1.6487038461034125 0.450826935351159 -4.184617610317926 -0.7779766191769155 1.4176740449337393 3.42809299424411 6.623207758965307 2.885794369501273 -1.125293264588673 1.9929200920681993 0.4243911016001958 -6.677548096710415 -8.089247380332681 -8.14457640035949 -6.252584155843265 -4.584945701228168 -6.902377683072822 -4.241947092661712 -5.770771349658196 -11.583199463711251 -8.94932777726833 -5.538710699040859 -2.624527083000344 -2.655284681495385 -3.593345812864167 -5.5889745850590575 -6.770560882473538 -7.4291109624172185 -4.460194657312049 -1.784073721953818 -0.5982329667461515 -0.3598657465347587 -0.4702722317283239 -0.24318196629278488 2.673769224735841 2.8315827223511394 1.8937650992359323 -0.08348166570806141 2.214634543801029 2.415572182906698 4.577985206338904 9.019619737787949 8.826874782856308 5.760270417890006 9.721375159385467 1.6600431337116683 -6.850561931374952 -7.125644723358169 -1.420158186295694 1.7467832866530297 -0.13893600796895067 -4.124381070696176 -5.648107919937341 -2.1475856828957696 -4.42653539438237 -4.054234810922714 -5.340725054712698 -4.567109614123231 -6.351729593842924 -7.322869885991773 -4.98698328483425 -0.40985282758240105 -1.681955093535469 -4.4276115900428845 -1.4746450749505875 -0.3273018118878384 -0.11147829701022258 -0.2348475409359066 -0.13330631884746877 3.3851678312637454 4.642308888017086 4.582946459766949 6.31301608431909 7.814497604945521 9.676095953625424 16.16541359346396 18.358384788990374 16.834328922125597 10.63159644167139 6.478597265198589 -0.8422184758635386 -0.7064144754197664 0.13033875349626908 -1.0946523834059643 0.3633364632454771 2.035912756024062 -1.5616504261732242 -1.1030804162702166 -1.4854775726058664 -4.266993329954602 -4.955503488963458 -3.985777893320088 -6.169428677904993 -7.875542423979892 -3.770127797077756 2.2129866037973858 5.511831650972147 2.5989228942080347 -2.640266915093535 -1.3615602491722092 -0.2731134009210759 0.0022359578229383054 -0.08398753718065903 -0.038236657889668124 4.036691828012707 6.191884901153184 7.085423633010327 7.941707456536592 8.890150462222584 9.627323105805255 16.442660785261186 21.723182469128734 18.946264245841554 6.749452865349309 2.888575409141105 1.37039450404856 0.253022315358189 0.8233812406908843 3.6694624630342103 6.97174263051921 5.794123947803566 3.0598506023010668 -1.770256838613282 -3.426699447473009 -3.095048466875576 -5.6679969895991205 -3.5178599124078467 -4.2063732131579386 -0.39721116238949455 5.165631180412564 9.613867100225267 0.2098048790786074 -5.384400478622993 -2.46272961534232 -1.320321776184399 -0.2914867154732904 0.0215074032554071 -0.010235863850001579 0.03691450835831141 4.543167497076553 7.2508670536482205 8.653113937870861 7.227537598936942 6.134937245750805 9.578345121490612 16.087448905170245 18.18386097203 13.093509324769432 6.784013718418865 -6.775865766725914 -7.299950560328879 -6.109925044715454 -4.232218128121258 10.091611685584578 21.27501433423442 15.634676541464016 7.923766253530354 -0.2022637711959244 -2.8560538084583817 -4.58177219671698 -5.422227005140251 -2.906197826916557 -2.8982314965209843 1.5107042773620831 5.322219669819433 1.3335730651427973 -6.279300227976765 -3.434153231971788 -1.7753322952257198 -0.9696089451722388 -0.2762655207515993 -0.02380885241497803 0.002330905752739116 0.09212443105410616 4.882847625997531 7.654466613598373 7.922091514866322 7.022802716086822 8.94449452286702 12.480010285195902 12.72403973267295 11.515951468433387 4.721674815938753 1.9338620930075225 -3.2669915490113755 -5.6464353331441774 -0.39159390465835564 3.1274713394135163 7.014147658537397 12.655024903059152 9.240776596804407 4.925059057735027 -1.0117315602422738 -8.210428444724373 -8.741869806803628 -6.679929767302596 -3.5421919884841566 -3.3086077814512365 -1.914659648152128 -8.445811781075955 -14.929509708944508 -11.13136777497467 -3.6766923742088893 -1.7943232165620684 -0.7795970100077595 -0.32711313307557305 -0.09943569925266003 -0.011227284083179861 0.13402003838618265 5.050134980355098 8.298401803305827 10.195804706508543 9.730255235677362 9.171415264684207 12.032654556061912 14.231173203590739 10.65086409288982 7.0070135452206905 12.072343232799376 13.333188478110486 6.301285092334541 5.818709763641066 4.515383531893824 6.481971638264601 9.564701895173453 5.512341861986451 1.4473235710574388 -1.0992733022459613 -7.149032162778516 -3.1865603489903416 -0.7106176818778899 2.0335773014090885 -0.9578097741270512 -8.147047789988184 -20.19978579358437 -20.734798673147537 -11.16667033053763 -5.029408145549162 -2.1408985510084593 -0.8426901803150617 -0.43843622435665214 -0.17724384111967464 -0.030430240813599588 0.16498749937930235 5.0773433359191715 8.474409262065198 10.565368880258864 13.519854801422754 14.170842660049376 19.18526929242796 23.464751378261553 18.531436671816575 19.61181321427025 20.419921289053317 19.85348671521547 12.797200652981797 10.191875879960866 6.3647930610205545 5.591395078618106 7.905767899266364 3.1820194052664594 -0.060884492323611344 -0.850105890883666 -4.422369867187232 -3.7310725277867465 -0.6393239739414869 0.25899884841752513 -0.9903167549057659 -5.798456463113868 -14.763675806240734 -16.602606060916635 -11.87884871919499 -5.404805383685309 -2.2592865384988285 -0.9400387128268165 -0.5307200129031904 -0.23110966981575679 -0.04201933717668989 0.18517578345954808 4.97663733041206 8.433014866470495 10.698610648941626 14.400689441069618 18.150250101404197 22.41582668700027 17.509079900185537 13.765994139384906 17.816631218304433 23.84257340861162 25.15490246111534 11.189401474247358 9.911354503361094 11.121712591682327 9.081834477100497 8.478720264477744 2.963122402854604 -0.06205139938196399 -1.4501006128823426 -4.073855410882757 -6.369348542265802 -9.313923425213714 -8.577903956216373 -5.243415370952686 -2.767083925045871 -8.808455221052137 -7.036509157603203 -5.425760338553918 -4.2558976598639795 -2.0515108197983283 -1.0065496383433434 -0.5797963583403416 -0.25062360993580435 -0.040987693313335606 0.19377412757654766 4.7365397751204625 7.915930053649625 9.852674347961667 12.143425529308507 14.326324925494259 16.66754538309029 10.377868237845533 8.63796069174935 12.900301562608393 15.35829013007865 12.942853697301418 4.16790517277613 7.565539488866504 9.428037725258285 9.402182882190212 6.276948423173275 -0.8245499242527253 -0.7276321678065335 -0.4436806035452229 -2.7966204649043935 -4.848379121045662 -7.448304797481783 -6.45086042706026 -4.759363186276979 -3.579067650511919 -4.842811422787641 -4.6026773200273 -4.089445918510608 -3.014268298827259 -1.6851142240106192 -1.0361946698603246 -0.6322391215846398 -0.24297034641416626 -0.03363108587661074 0.18665303333145988 4.396522640920811 7.027187050742605 8.293755810443804 9.715663320849856 10.896346837386607 11.439802069232865 10.42700483074198 9.87768817335352 10.6809018239491 11.02725257717992 9.812054005387434 7.616764835176019 5.987059963193048 6.270237855416977 6.196908629776335 3.8497198393930985 -1.627005286067324 -0.6946376703359645 1.6626987779696683 1.6113660415686961 0.09892605773142098 1.7319293071084088 -1.129366171791168 -2.125596129864757 -2.593310145880294 -2.01360307164602 -1.9159315469954545 -2.568355489745147 -1.9950079386377213 -1.2750285245436284 -0.8496257281912261 -0.5228194960040786 -0.2073393657034639 -0.02183732485803571 0.16606725155993965 3.9599689563509313 6.093921256689069 6.863661011510024 7.688049919561266 8.400128740385718 8.84804234393723 8.769088088104237 8.560775667594811 8.620623963300915 8.418749053737752 7.671020278962678 7.3774938164593395 5.844552042702578 5.5030388974202005 4.567980906090138 3.22248858263139 1.7878031096795188 0.8452336081761922 1.7581580040916356 2.4660831229389686 2.1300452742126654 2.4553494916264533 0.5118567561367693 -0.6083318137725263 -1.2050546418977195 -1.5200295282780636 -1.6048426224457621 -1.4776111093490394 -1.197152120352637 -0.8692026641527583 -0.5899479192747952 -0.3556120001816698 -0.14918843064740217 -0.006033993699548209 0.1334575807369447 3.6481623804477046 5.536600229893505 6.141591527566262 6.768029554981256 7.308215804890858 7.718064321622885 7.852974678573811 7.850183481350022 7.838556549569156 7.608634492769223 6.957155576417199 6.271040746123869 5.86569869705265 5.437264032757855 4.556110282294472 3.6200305126374444 2.733959870446869 1.9826113139954602 2.042642621387873 2.3428452431563205 2.213944624704923 1.7659086937473087 0.9441220146311501 0.11445809711486024 -0.44568796594626875 -0.772234299673893 -0.8897208608011926 -0.8621201977665433 -0.7473272298024628 -0.5813610820923124 -0.4088446292528659 -0.24322299338207756 -0.09372532853518556 0.01141879810587334 0.10752517011884136 2.338435482226025 3.5060406109481743 3.8590269582967247 4.216459738638635 4.52132623986887 4.798685875775893 5.0107109303985045 5.148664677964303 5.199248026893374 5.147747322808378 4.979171758228005 4.727066763709123 4.426932371040001 4.085979747889174 3.7221642065484124 3.346147950305583 2.965259069747937 2.654861451265048 2.495456485404345 2.3650489317062595 2.1447236432425094 1.8195064098375429 1.3737820664006528 0.9163598701512135 0.5559406848603473 0.28988290026867763 0.11575079086777942 0.01184281429693798 -0.04320120404289459 -0.06245757690057655 -0.05941196721986896 -0.042648681555537866 -0.02044828099147603 -0.002461466678312796 0.00730410001015496)
(UseCyclicTransform "false")
(UseDirectionCosines "true")
