(BSplineTransformSplineOrder 3)
(CompressResultImage "false")
(DefaultPixelValue 0)
(Direction 1 0 0 1)
(FinalBSplineInterpolationOrder 3)
(FixedImageDimension 2)
(FixedInternalImagePixelType "float")
(GridDirection 1 0 0 1)
(GridIndex 0 0)
(GridOrigin -99.09176247778386 -86.16403252261999)
(GridSize 34 29)
(GridSpacing 80.1975773079779 80.27205338702655)
(HowToCombineTransforms "Compose")
(Index 0 0)
(InitialTransformParameterFileName "")
(MovingImageDimension 2)
(MovingInternalImagePixelType "float")
(NumberOfParameters 1972)
(Origin 0 0)
(ResampleInterpolator "FinalBSplineInterpolator")
(Resampler "DefaultResampler")
(ResultImageFormat "tif")
(ResultImagePixelType "unsigned short")
(Size 2440 2080)
(Spacing 1 1)
(Transform "RecursiveBSplineTransform")
(TransformParameters 0.27823630765312024 0.3837233642378623 0.40159082474772123 0.4208606506844431 0.41843649894890367 0.38593168175792225 0.3150492678143874 0.20405103022469187 0.04846271650411578 -0.16012887177035035 -0.41875325105157873 -0.7134663356985175 -1.0325780162234546 -1.3659990307292131 -1.6952260136244515 -1.991761616145221 -2.2342038639606905 -2.4007338714231787 -2.4877646349011195 -2.512165914016161 -2.4818418270069564 -2.399911315228223 -2.2746647699194464 -2.1207014934230712 -1.9445970419908305 -1.7452199343286556 -1.5254835588317848 -1.2895482254614294 -1.0448445940365176 -0.8009311308924785 -0.5719184645260538 -0.36293136942625465 -0.21882662266772754 0.017579824208148895 0.5234498025067884 0.7780372288382167 0.8416509337525213 0.9085715185143768 0.9246680084879764 0.8842667591038887 0.770992913167084 0.5742813456145036 0.2859028427579769 -0.10085820607939533 -0.5828282529779026 -1.146598367690613 -1.7779753833662495 -2.4676774357745903 -3.1754620596992837 -3.832426319091544 -4.365484120245172 -4.665912860808347 -4.717316246399081 -4.587834363722335 -4.341951036459398 -4.083625061739552 -3.838609253333639 -3.5538255180637117 -3.219479516003997 -2.847677376088453 -2.453192477274038 -2.064049436001948 -1.6904540472525098 -1.3215392011626066 -0.97087816403188 -0.6489257802182895 -0.42713865400452794 -0.04583775723435576 0.635622859619267 0.9627971246394594 1.0464670040345405 1.1242139075971174 1.1326418516829524 1.0916832793845654 0.9830616163378717 0.772789545916011 0.4456436932951463 0.00028167721543300914 -0.560810600576882 -1.2280590798402515 -1.9866823132401545 -2.823680896232191 -3.694043501281501 -4.531342614126465 -5.22563106977606 -5.577386859165615 -5.55136585403986 -5.251308887358907 -4.807624045857697 -4.470162761532396 -4.268888169810744 -4.00693937256261 -3.6297192991487335 -3.171296682491253 -2.6704009768896673 -2.209522713847388 -1.8085569410823665 -1.4223927521316162 -1.0547266576743264 -0.7191374195977279 -0.48967211086657014 -0.08614870998191673 0.7977579530333967 1.2051162514713183 1.2807106547696139 1.2860909720319693 1.1786655141247302 1.1232187259469038 1.0991223089052238 0.9299405044019593 0.5661571188353315 0.07197632440077482 -0.5347265983133805 -1.2789125275271989 -2.155858429144354 -3.133074701185991 -4.1828046126186464 -5.333911857113943 -6.385806353565983 -6.80860830385295 -6.5115728399282204 -5.773589581388838 -4.917628154309321 -4.524232002366261 -4.57029920699819 -4.398094946577324 -3.874599078645444 -3.2971260004489378 -2.779788565777251 -2.357698178840861 -2.0151072241889643 -1.6298290024035653 -1.2009471103350153 -0.8150070764484777 -0.5674957947963674 -0.14716185014200647 1.0131244523171896 1.4835590712438704 1.4873578344561886 1.258101159356025 0.839808386130332 0.747313602873731 0.929557206699692 0.919157176859941 0.5426950031889705 -0.038395337026204505 -0.5616449732862419 -1.3203390511799609 -2.2596405161199757 -3.300886341923814 -4.437282440177662 -6.027653733116929 -7.789973797363107 -8.26524662960027 -7.411992763344702 -6.079443238524494 -4.7660677832532725 -4.640733207599778 -4.75675081463598 -5.518519945882082 -3.8170162555409237 -2.997639243002201 -2.6853684204776807 -2.5561197903898436 -2.436948185447327 -2.0710244101016926 -1.4811598886105029 -0.9617435211034563 -0.6654772333180814 -0.22747256852223324 1.274014675222071 1.8498482592278245 1.833971496132832 1.5365089757156598 1.1190783186823017 1.2072531747201611 0.565107175513659 1.754173017954658 1.504134375794722 -2.2409490957107883 -1.2697675453885864 -1.2441320481816247 -2.1791935877467683 -3.7562036905402816 -4.177372718730731 -5.572436096721061 -9.639970918929519 -10.49920081993243 -8.790261341661589 -6.372378206847727 -3.485303082686044 -7.701754194007014 -5.0361481780237085 -9.564644629252147 -4.709707797399219 -2.7029158603604437 -3.037119982734602 -3.4089380718324644 -3.0241375506093107 -2.3359455658115067 -1.60607043535609 -1.0754099833142017 -0.7924414969404829 -0.37155519974873275 1.559810211200407 2.3350133997617437 2.4649329587479603 2.5520505569086382 2.937969774498975 5.292644266678709 3.1851154865912457 1.5615469708426533 0.42982066246563244 -3.8184016051794054 -1.5700880744523995 0.17470794680778182 0.38598885512675307 -0.6768895732502419 -2.202180640136255 -3.190244186405224 -8.042438070826446 -12.639570400495838 -9.947566786828666 -7.947026527400871 -0.3873095872576013 -6.233174495811241 -0.6467714509035717 -9.24002087601251 -8.797698652130038 -0.7278744667543964 1.124574372794077 -4.718846933156251 -4.002828127870548 0.06058561957299761 -0.791209396966474 -1.1296458721161495 -0.9462848262817022 -0.6206590198289152 1.8573330247376718 2.8597596494519615 3.192412764088283 3.8707338625912184 4.932778351902223 6.14965011477397 4.233921830078224 2.082275789598393 0.02695635541223808 1.3148422183048514 3.6436224751373785 3.7142625042992266 3.1542597670892047 4.088251575366766 2.4317886051975375 1.9504343660482202 -6.324434295791696 -12.838292883359138 -8.191805889889782 -11.513304477928717 -6.245062232042165 -3.3324708323701144 -5.946153311900602 -12.077390640875002 -6.980080286242367 -3.5068174905497935 3.6197232006170306 -6.53164858607135 -7.055075046687984 8.865695502510103 2.089314616825756 -1.6298623490048587 -1.348903387578563 -1.0071473971048452 2.1524970825504117 3.3431910616963525 3.8250624978804724 4.983240023645301 8.052722889999412 8.071042424930663 4.764184733329486 1.8298925324926143 1.0752656336231308 4.080172158075491 5.268547172007262 7.368452633071088 8.492875954183136 3.5610173145931445 0.5612450510757754 2.634930438814328 -7.540049860431768 -14.942919157030444 -11.563695316777075 -12.74819156268397 -8.936063155753464 -4.375448225541837 -7.224248352479013 -7.655843498458691 -0.807775064978189 -3.1454230928316327 -6.333831021677228 -10.467763940003604 -5.866299528586658 4.07860672666165 -2.8455234117658827 -2.8112891119842573 -2.191584613346768 -1.5629973997224618 2.4428987646987688 3.73850541817655 4.259792988375422 5.438882566080365 7.671209456575454 8.351722265909704 7.113481030947911 1.1421633558547033 -0.325873707761898 5.405896963954852 5.972766301252654 7.765628854428898 8.810161859767748 1.3958152469080163 -0.8438026524632817 0.5128570484205854 -8.08838312950351 -12.254346144755429 -14.46709239196483 -14.983104111590055 -12.23426010272791 -9.763048385150894 -10.867603925012743 -7.727865661792991 -2.820941537557218 -3.093744467580303 -5.162426454362905 -6.268685819961916 -2.6077027605543988 -1.205196533797554 -7.330857949433406 -3.956264347852514 -3.0894925593429976 -2.2077069852941467 2.7260581452185124 3.9989312531122074 4.399849162878087 5.263279702973384 5.92670458133018 7.107796061788519 6.9488166290421916 5.7452180072018 4.918264149661567 5.250439357335328 6.899530286997445 7.565818858918559 5.02163750896757 3.1464836024049885 0.3193492782362554 -5.004668809114635 -10.476207031530965 -11.466732074391699 -13.139561270579062 -13.549317799795874 -12.936560505925119 -11.345787120969266 -11.723354199127803 -10.539433977381991 -7.144355635870775 -4.444348171489847 -5.121137892046009 -1.4250796188843002 -4.409031797875745 0.1238424763732078 -0.5854013889733497 -3.4419689727979486 -3.6345115221731366 -2.860281269363123 2.993269895987967 4.260395741404223 4.546624558521909 5.1279377402862245 5.258293160661714 4.618436795376782 3.4065913172344 7.091869923494177 7.178077409244315 2.5420381454013845 4.884862653025618 5.603980067930993 2.000256092789855 1.356370319426161 -0.954806921876978 -4.369991763404842 -6.49963935464539 -9.27032405051746 -10.379056631860918 -12.881560486899847 -12.652670638236616 -10.606314082270371 -10.208775050467398 -9.786058404585434 -9.05409877419273 -5.133214632877256 -3.8744411729206116 -1.9903853737242045 -3.5867163594008704 -7.393889264426647 -3.9413101888913857 -2.553419172376433 -3.9910097422655926 -3.4583090802906145 3.2358457836876933 4.659214890163431 4.998921624334524 5.599811394774149 5.741174850860319 1.2638496598527362 3.829530324438471 7.7928043535171945 5.113023407079823 -1.0482194055330785 0.057018426240764745 -0.20658619160951802 0.6316124127642745 1.1688311829829752 -1.9022791405671668 -2.779115284431738 -5.003686184275078 -7.759789755668227 -7.12027347444889 -9.33660307203199 -12.225918247867783 -11.62847348758335 -9.462717108935502 -8.747628636397353 -7.384884011185558 -4.293014620127529 -1.2313129018396953 1.1894765264805476 -0.6860195539022751 -5.778566057965062 -2.3131676271121746 -2.137557508736915 -4.346142827148771 -3.939951177022953 3.441917165693362 5.118928174713408 5.62072992845461 6.427834530414456 7.129664344218624 4.860180888978837 4.290397874971843 3.6988708743847996 3.6996906389265063 -0.4641252736217151 -0.2501417145291213 -2.4887182538080697 -1.2106822545256317 2.1793205750892137 -3.0392297939885102 -2.936523614741782 -4.825763001164424 -8.854023528225296 -6.628329540987587 -6.504794436867684 -11.809891116396713 -10.858730824355652 -9.116732798892674 -5.187201126550668 -3.830412646113739 -0.7760369061310491 4.608846030803795 2.443968799079928 1.203499856553434 -1.501304356071713 2.1656541854737923 -2.2997931186083838 -4.688875662733655 -4.247485833214886 3.599607177304609 5.563040047188737 6.275313569702633 7.40246639678944 8.186019805229165 7.832631092872488 6.748798211324965 4.4495088860099665 5.547091473847541 2.8786816619994506 1.2248615467108923 -0.8282518128436238 -1.523511409864103 -0.6838211615456105 -0.9817748216311784 1.2621884829050731 -2.3632353894953106 -6.941138606254151 -5.4207261943715634 -2.981046660230312 -7.634622024053989 -6.2793015959389376 -5.968655197413042 -4.000663155748662 -2.903009334559059 3.32666112256257 11.186635939538064 13.095392066074247 10.29632478064017 3.3917348202466813 -2.219596587008721 -4.337624322122836 -5.051533663429282 -4.323077088103396 3.6571037432779416 5.83906893606344 6.762681451644359 8.307948804470888 9.638243606495534 10.737979121234932 10.487627418447872 10.947535415834743 14.134184770149487 7.919535541379651 2.266309476930073 2.0497940667026935 4.747855180453347 3.099992777868359 1.4040450487965066 2.5235033457199223 -1.5421088408296175 -8.313245891599674 -7.682638496586328 -4.777615096046838 -3.834691618026582 -4.089882326300258 -5.951520428204852 -7.30605657000747 -2.726208680109903 2.4771485502057535 8.72974972923808 17.829095719277152 12.638893985134795 2.246060365725925 -3.4587200846672856 -4.939792924208079 -4.52145163960206 -3.9556225295571776 3.5625876346514778 5.79449488800308 6.881296434335089 8.934139225934581 11.898295033399023 15.100789488620993 13.543991896833116 12.588534363846456 16.41402055178858 8.152430534616322 1.9372723683280995 0.5722449344538142 5.2243220227895195 3.768896376122999 -0.5178240792948028 -0.7713332746777577 -6.049005387917057 -9.965456383084188 -6.636677020010038 -5.66592137333484 -1.4720065941685927 -6.342763825655717 -7.865577294953382 -8.133444419860922 -1.4273047581362843 4.3876124943359995 8.356262594690516 10.221300600914734 6.932739040448632 2.4458531541404414 0.07733254171673944 -0.014842736022035521 -1.9709754133484896 -2.934539789296074 3.3248649002015433 5.388898828913662 6.45359564281448 8.590966251300287 12.206347916413442 16.2799265388013 14.043387711988958 12.53027289799378 11.135527612588872 3.8904749746483125 -0.30896054620653474 0.18034803250925707 2.9488153923890836 1.5917328038390643 -1.0895210793234942 -1.1517646204309342 -5.613361697830971 -4.707659702420955 -4.187137073056202 -2.5016818577179345 0.8513276094043577 -2.7219711355546115 -2.5156166988198665 -3.7909621884720077 -0.6786571760230412 5.317997937191834 8.98026726726797 9.292743510481394 8.140543849998263 10.00042446359923 5.305407501473225 1.3931079203838574 -0.14768308965855556 -1.3749824075550452 2.952740815746559 4.5819482987524625 5.304410093111993 6.570553460119937 8.261284240214279 12.041521414797973 11.301533915705203 11.540667348703252 8.537661136516057 3.171198927789838 0.39450400507713507 -1.8143522404776544 -1.4429580658485701 -3.0440214361992908 -5.200219784245365 -3.9886262993238297 -2.358971327213102 -0.7057937517871001 -2.4430045244400276 -1.4981079079136295 4.115111777372014 4.642933479037641 -2.0142129156214126 -0.4613425718593961 0.7139649503612296 4.345130352312288 8.31150118362067 9.440398948719038 7.3788957963477175 7.647166050440611 6.697949752576103 5.343969488543984 3.764975591625795 0.633590357646914 2.5008600937977006 3.5905855413867176 3.8621275195362412 3.959444828664265 3.8881187171824503 6.305908136850856 9.996571382388913 9.101841764704634 4.2971825619362 1.3648696638703963 1.0636601573391438 -0.45923901911825643 -4.874409202602615 -6.379444637966243 -5.075533290813904 -5.169016533916495 -2.937284723433113 -0.06315869731242832 -0.6617157095955434 -0.8331731432680001 0.9610296529038099 1.6665927334181219 -0.5419713310605572 2.072669236496632 1.3729795451266296 3.8463914024957653 7.929079956131877 7.535123518852718 5.751412962917066 7.170504686928797 7.265132575089192 9.44157997579198 7.1984868355013045 2.65361410716929 2.0238657541156133 2.6319409010507155 2.556215834133454 1.759177939099574 0.11380881143728654 2.06490502984761 10.467205005686385 4.040002365959676 -1.5795425184794007 -1.475365031267968 -2.431549135683684 -6.029212689585938 -12.307458748202691 -7.898433716127986 -6.385560637036121 -5.929448085201653 -3.94304560372109 -2.063564553521797 -0.3383694061971717 2.966465082400751 0.22841218245436515 -0.7868287054518293 -0.9914881852046297 5.309004923919451 6.310057660601071 7.512087897255521 6.654821994789772 7.140790250679038 9.433734927675195 11.590864864565422 12.136349677463686 10.865496118024096 8.542530916235345 4.2147747501337545 1.5531246353349464 1.7471517342615348 1.4544335178982142 0.22258580023631205 -1.7242760575814895 -2.2585728772754905 2.144727757060561 0.5159207800322863 -6.122566479974537 -3.4474518842972337 -5.345534264588694 -8.792836644511492 -10.370124541726868 -7.017453635486294 -8.109605198994792 -7.667001455007183 -8.00358653759548 -7.342677083542762 -2.7661910891039727 0.9343701938364496 1.3708300415114743 -0.02414262142510189 -0.9807522702894453 7.284506763763246 11.03995789879275 12.664698569740011 8.891562344151646 10.825643690716516 16.14601325258005 15.805986915804484 13.546403178302375 11.90765289106098 9.693105804954678 5.2713063356706416 1.1199358209245278 0.9775999112704052 0.6247038600465741 -0.402899258142393 -1.613529429619954 -1.1133996630697431 -1.8813898676946097 -3.500071335131452 -8.03528778692794 -6.053610530799863 -6.337362329985303 -9.322839893777791 -7.094729339006907 -6.246747260108424 -12.214083449420283 -9.420810164083196 -13.105433289939686 -13.468052615321795 -5.3408512492660645 -1.599604339539871 -1.2845771315958086 2.346485371015898 6.662343788561782 11.534104026211736 13.146955915268181 12.454206783499371 9.138440552516547 14.083995365241265 16.953298366512527 16.74437956396325 15.251745214348416 12.726095951199719 10.492693021291654 5.740175929067565 0.7291475121185894 0.3177965311733332 -0.03448334410207381 -0.6809056341774691 -1.4656189409287916 -2.3339116663021167 -3.7416462569412414 -6.299844009438054 -6.452367413712924 -6.697300076465778 -9.67085777666101 -11.28181257988775 -7.982961231555821 -7.614252386982119 -10.717791021166523 -10.690750477388551 -12.41043326000326 -13.25364045700561 -3.383348030777088 -3.5190959952673704 -2.840284810799826 6.494120558014243 11.22807106581722 14.211067561324755 12.599122028717789 11.411106652753377 11.774987719830746 16.327038618013734 17.008935054997085 15.904433994582964 14.187032178131568 11.819265834494425 10.088472845281814 5.769377580493173 0.38461732613827687 -0.23846712257471342 -0.6256257961577099 -1.1687677817250146 -1.8394095283661955 -2.9018635369087575 -2.974279369641094 -4.810920518592975 -5.527734522707055 -6.289196288959206 -8.840538520726685 -9.244553543548992 -8.316131059280712 -7.756258599319303 -7.746071651163533 -10.350348502285335 -9.890125148566774 -6.3311098983820235 -2.0774089455794043 -1.9378941472547278 0.743080766698163 5.688631509948645 9.438612353786398 11.678439658173176 11.126749264431878 11.462617687909415 11.903433355866438 14.295802602368989 14.627283445135888 13.738465672776742 12.241149957374557 10.418122985885075 9.133748310241804 5.531228937728045 0.0978816319123219 -0.6745685005942371 -1.1017087093332365 -1.6777435546569919 -2.2851369080465056 -3.21137892128242 -3.5979809215581144 -4.5435342227916315 -6.272667501559151 -7.365481755053088 -7.306280903938642 -7.482579629155649 -7.925256966163555 -8.712013312894095 -8.07208869513658 -8.473532777411688 -7.669697563263411 -4.116970096364968 -1.1628607208840391 -0.17910986777729385 1.9300933246153011 4.5001155292918575 7.217307222957414 9.17201254905495 10.233831108698357 10.931300941966814 11.501228778003561 11.961341423575336 12.04179821444122 11.437288265962692 10.292250140637071 8.973952282290705 8.095324830241633 5.169612919743149 -0.13337153888896913 -0.9826288531297376 -1.4188656815619483 -2.0159074667217562 -2.6253518687561237 -3.6236670670471036 -4.272554662624492 -4.9708897572736666 -6.76116405386965 -7.64505663988268 -7.782595576126377 -7.837848226808102 -7.9134983270697425 -8.678900465386942 -8.155700187938654 -7.44500228458888 -6.2688706420443605 -4.367326313986331 -2.1160326150824433 -0.10527730325917105 1.7545839411731698 3.79701397741325 5.925911218819721 7.648984676368366 8.844631911576686 9.674407104659004 10.193173523949621 10.386805652106856 10.244374009924252 9.692533178420852 8.84452071121808 7.86359107853967 7.210434067033656 4.736802838269257 -0.2943998657945993 -1.1650139633774863 -1.5900318068194286 -2.189063074498859 -2.8484051096191556 -3.7236659935931473 -4.67722069520417 -5.539164775303784 -6.3556478214400105 -6.9656271256917455 -7.395493995844028 -7.827192362145143 -8.202551425609373 -8.22905723879806 -7.752614268480329 -6.913455455684439 -5.742212591613686 -4.2023548509476045 -2.387290495470057 -0.542283592635025 1.2532749654002937 3.0813788644859494 4.870562683176022 6.408300978088362 7.597941923270612 8.416851051706853 8.867944137467735 9.003163574455952 8.85371116403374 8.416243335117633 7.7819175766866255 7.003740955142985 6.463128607667739 4.291846257432254 -0.563259442224156 -1.344276050611909 -1.6805447799238993 -2.172692055878769 -2.698418385149045 -3.289892837478453 -3.907709308404014 -4.48685685942972 -4.9913596985379405 -5.404380961878771 -5.7241439077067096 -5.994172646469186 -6.161595414154752 -6.050793938822914 -5.630936731058927 -4.998427387251909 -4.193944184268455 -3.230487207515036 -2.13893272650918 -0.9584246388912376 0.2597549119977243 1.4456258413814558 2.5472324086697795 3.5300446132214853 4.34214600893472 4.899025768297778 5.189626363703567 5.2737326696168765 5.189590615431876 4.964933469328884 4.651901919797684 4.243456119807789 3.951939750002128 2.678316401969974 -0.01258389864763803 0.1393329895567267 0.2315593679300085 0.37752749148184256 0.5553481288031099 0.7663816047206078 1.0079651192986283 1.2826152300407692 1.590553825978136 1.9331621884830703 2.304449689746566 2.6907623288136757 3.0803439845686222 3.4588951712853606 3.821278305140178 4.175687157495869 4.511963206742544 4.805104747202044 5.029622854523972 5.151567307974985 5.1521557991347215 5.019913989900562 4.764353279354346 4.424305203975059 4.013133613178099 3.5195841258330636 2.959577066901404 2.371695738220095 1.7875845842365967 1.2380105845126401 0.7517367724064601 0.32883170702083087 0.04514018338099856 -0.38812301551050155 -0.11855414431319035 0.16846293568880594 0.37194963360183714 0.6791573117982764 1.0485249623863107 1.5020396417932043 2.017594994649603 2.54807787596503 3.0537441708443156 3.482455999428219 3.8343556935321463 4.162633612120118 4.507166124941666 4.922797459695045 5.406343726270775 5.882832298645647 6.3454662808427935 6.861935722868934 7.405837217899641 7.881855367419024 8.170816473331808 8.070970504646956 7.538119777270037 6.647134923099734 5.514877239911431 4.371170421289144 3.3174159320666816 2.3512814083838927 1.4940826289508145 0.7654245225663889 0.17783853300820748 -0.2826654306092386 -0.575355409283599 -0.8796922057318686 -0.15100687481896097 0.19417599480739334 0.44333579371770754 0.8102682071196529 1.2556401792484577 1.8467078230200493 2.547756060120983 3.2460706741261762 3.8525494643497886 4.249135681831533 4.449169990556267 4.600112858778318 4.816199863961357 5.2572970260792475 5.8959510606911305 6.464231456271639 6.947385276896166 7.578344791316667 8.382498257888152 9.266805430555877 10.010719736130833 10.15835384645775 9.540617819029237 8.179826772390253 6.328703588334131 4.607387045870525 3.2328743702063427 2.1000088646729433 1.1813486832185052 0.44113464131835395 -0.13788374631178066 -0.5690164650932882 -0.8344825725455131 -1.0415784849890073 -0.17922665930332182 0.20832476191290386 0.4758837707309246 0.8272414305398317 1.2852537187192155 2.1525649562243796 3.359727559636287 4.504079134197197 5.3240523445957875 5.540741178025685 5.233731764647073 4.852893540525598 4.730226594128943 5.30680832379014 6.4480725636134615 7.270351460761233 7.694692018780692 8.398793392357415 9.573967377215828 11.145873177823079 12.746885343657805 13.50124465081523 12.889475981119247 10.544914343328147 7.097238127087733 4.340724625689769 2.697609092454006 1.509811365626414 0.5737692987615033 -0.14324992612851822 -0.6739069141385513 -0.9984564483799131 -1.145205825241466 -1.1658384409618245 -0.19303202880964757 0.18283803377695146 0.3980981363699853 0.5669026297264043 0.883743884706188 2.21764150705732 4.491583069737078 6.595834240730029 7.848720151445761 7.617340864320814 6.187030780232029 4.66657248034884 3.79710419601336 4.8242573507010444 7.376703401003204 9.06809241416728 8.92207719435579 8.75973973543839 10.543075586562209 14.359863335964992 17.958651237999206 25.19240370198234 23.095326302233513 11.475576971985229 6.66675905129716 2.8582590707939324 1.2976122166363173 0.4030252846907626 -0.44975470743623 -1.0962713719156467 -1.5131458070780908 -1.5973431809742569 -1.4636889676447549 -1.1771850029976043 -0.19530452628738376 0.1460562852695975 0.2860618889498563 0.22281474004141033 0.4058980399840049 1.599182018461946 4.501961960927407 9.980932596884593 12.966030825512176 9.316956234448577 7.516814102326787 4.4339833599405685 1.9909599006310805 4.58031593838035 10.702554475478008 14.761144339316832 10.445483925212992 5.603309333866054 9.121169953195897 18.787050166777373 21.376922451583194 35.57900089650034 33.78895353906022 8.916001232804366 3.063101078926397 -0.2475560599065048 -1.0440264926577127 -0.5714566067958163 -1.1332607378533133 -1.697347160369377 -2.089931964235003 -2.006914565722729 -1.623854266130725 -1.0827015218034788 -0.18322434989173128 0.12496034487940288 0.2084848004634349 -0.009879948257543708 0.7433379573334808 1.8348698590825203 2.9573696779906915 14.356380794700295 16.119885357215825 6.965811252114437 6.089798543965517 2.5261295957520007 1.1072070279007578 2.610389787394521 9.84456051881565 16.722265915380856 9.916777750456601 6.47473459122809 14.388502415784842 15.63153302533005 7.608358572390634 13.371269621114145 21.533337406986142 10.065861665546752 2.787898892400758 -12.078566977859937 -4.672730151471785 3.398589636842136 -2.151799895650215 -3.112878862723807 -3.6282603892249576 -1.8910013587372623 -1.4233191200944688 -0.8630576107513661 -0.15624100508120953 0.11015750982760503 0.137933826524858 -0.22784512620301714 -0.5522434381920343 -0.22202680446690853 4.3048144605792125 11.083747918997586 11.27249604793272 7.8480416987768775 8.725954639619735 6.30524135657249 4.441832978826289 5.5434243056778305 11.688944612112188 13.349302906162755 11.067055593017784 9.672330364397881 12.07245591159102 13.157387866163269 4.73956979713102 9.74163542455338 13.673093384165995 5.7246985204366245 2.057772412096361 -9.264765866402541 4.558333779509309 6.924862908132263 -5.82176355855061 -9.735896290611741 -8.09379715340561 -1.38337329 -0.856033768329922 -0.5152648740057799 -0.11338766293755682 0.0919733360667903 0.04813330957629636 -0.5064057396449521 -1.1965552852802794 0.04617777283418252 3.754131693472273 3.8597872305530565 7.56458394951348 7.8060821134180385 9.502647257141227 9.650973309218067 9.012651148451289 9.269426523470475 12.46292866515952 9.703773488090919 6.185518372814239 7.591655526729452 3.8289662251667083 5.513229811229036 4.922542259216085 8.436847363695808 10.968292080933617 4.6651133999956365 1.595071834969366 1.0273442217775293 0.4028109347432835 0.3325239186769798 -1.6644082735195682 -6.152623614227427 -5.271669901229693 -0.1862303407924273 0.05750805777088498 -0.03448398632631782 -0.05122768112652635 0.08861093585156873 -0.009326289877213326 -0.6528478798530373 -1.8545513735713217 -0.9169340694733935 2.6964837975995586 2.823939299995163 4.553790842514092 6.3243473057161 8.32072774347906 9.868418520631671 11.453094684835369 12.596994575547296 10.589057554133342 10.069255108452332 5.295173115888928 2.8352607423015534 2.58371339676046 3.166627236840897 2.2664150423752916 3.1730327792126527 5.043062886086199 3.189341568642009 0.0020473948479306702 -3.4515892301721047 -4.244080931982111 0.541746510080473 2.235445409184946 -3.1224034788605946 -2.1185139958977777 1.1100228348918264 1.020855492753449 0.5537826270903405 0.03368038401426201 0.11826258539149045 0.018039084526310284 -0.49789008954571534 -1.3857192307063981 -2.3319011515361416 2.2379155965566855 4.996524396558532 2.7693750455729558 5.364899944093182 6.683840742500832 6.944783185314933 9.8148291964352 12.98082555345938 10.843652116264613 8.382206996852183 7.234173710913222 6.581439152084367 5.1977462244050505 2.9032113407791362 0.22617112695078423 0.5165870985626906 0.3679158332861779 0.4248662513639134 -3.788272235771163 -4.321916446338329 -3.4604003165956074 -2.331322957358684 -0.5196688232807918 5.387718282106406 7.239306652324418 2.0859388183415923 1.7260510658232522 1.2241244673863185 0.15157985770454283 0.20336125989654766 0.12052685035248413 -0.21631737296687484 -0.3868363759724441 -0.2864658680618397 1.6686040881470412 3.603798503908901 4.032138714191438 4.399366377056698 5.271992969048535 5.596042880481901 6.65343418359345 9.110577029618511 9.916364824358668 6.501460933942727 7.4819244926068516 9.122879543594323 6.098845551225613 4.330270150981733 3.3763956275454516 3.1035674124806225 -0.34654507395018275 0.2736118586726138 -2.2122586382191445 -4.805453468099559 -6.3239989682433855 -5.922223789837748 -4.083639969873878 -0.9672905082570167 3.493448337508995 2.50232082054547 2.3851221119739687 1.855367024776566 0.3127213733788965 0.366264566429354 0.28833242124815106 0.07974088008401448 0.1385362128568663 -0.31357033478860447 0.6321627113953495 1.3035938862545078 3.2395759747320847 4.1024401802910875 3.342619613470148 3.061353438049686 4.050164554835665 6.148013602714195 6.684360833639964 6.2043442213220406 9.015666317905833 9.199033337097257 6.457900285973181 4.223428721321111 3.94850028997929 2.4663626498917024 -1.6362415979225433 1.0526773910992866 -0.9514400244675881 -5.983920177081552 -5.845571022650997 -3.5669094223181093 -4.208462887534206 -2.078904556242872 4.116713044550727 3.637200441362911 3.2369982027709296 2.3266828623784894 0.5109788786218393 0.6157252681654285 0.5516873391678504 0.4249127715041036 0.36964811836045103 -0.21749210344631206 0.6104301574970339 2.284332897992488 1.7474109461917178 2.2637696411435386 1.8673827350763035 2.295232396161843 3.3102492256715297 4.651596209758527 6.78154905502131 7.568682889938044 7.529875850321932 7.105230008295073 5.48876842557811 5.92811999063917 7.042314804784621 5.054770661287606 3.024475517749862 2.8488396392044306 2.290547127908817 -3.6913195361731272 -7.36230090714074 -8.299658384363381 -7.895668072390963 -0.3925202040405418 10.51654582791164 5.274207978501832 3.9000316589006148 2.6066330341388744 0.7402211394370211 0.9604389808625239 0.9411417702906287 0.8920665298166852 0.8312895080259771 0.49879171737904476 1.5510302786410757 4.733778436751813 2.2245420129910807 1.5489211064941988 1.2670102169323214 -0.40856942442989885 1.8410103946482934 4.827118427316504 4.4917139748052834 5.576480494250474 3.7186035102653525 4.3033140513499895 4.412004708752901 5.192193266179156 7.986292741077353 6.227943502537788 8.073265157699293 4.74795727228588 1.679382927301699 -1.657996267638928 -6.6355147034005375 -6.497052244113283 -2.9047080540735846 -1.160740779947977 14.681703156468602 8.870949178810013 4.024712709101881 2.6639698558135554 0.9856274157167546 1.3624364473688948 1.416746808943513 1.4864885933866534 1.4635142881492123 0.7033202503948234 0.6122366255274885 1.1203830443752705 1.969233924084111 2.8786632141680175 2.0221851836882605 -3.047886431098307 -0.6319896974649795 4.486413883321215 4.051293429756432 0.6177464936709801 -1.2858250218662004 2.1842920737381664 4.3169656847559885 6.845868377593205 9.701734324536678 7.245626257273131 8.904866462488497 4.9730670283027685 1.6008732649709967 -1.093458466732547 -2.7205255344441177 -6.47784643050879 -3.850656511266241 -4.424474266763044 7.433001274470994 7.680728109360821 3.643174549432505 2.419372126048905 1.2323754369262472 1.783682833050077 1.9380482505146126 2.1909989658115516 2.2839304045447255 1.7279594484958387 1.0651989412478304 -0.23500267466920108 -0.6792484266654849 0.24852056075767678 2.1488250383298015 2.379240697897555 1.368377995053088 4.09210693665995 1.3028331343261552 -2.309287449327919 -2.761952971265732 0.8819157588567996 4.334676274592425 8.070040516217404 13.797322012421677 13.882057623771466 11.269432143000314 2.84343433304081 -0.0018743658363459578 -2.0405884473948865 -2.398596845212069 -4.888782453193194 -5.569743445136035 -8.269508016931177 0.18973492617352275 5.6654720146898505 3.05329061394218 1.793742292650162 1.4636081603452857 2.1709444725642664 2.439727646968143 2.9927756818280566 3.505261492009604 2.5420960957339305 0.9084782960675453 -0.8351001794610731 -0.2626363923440344 1.6566976112048972 2.7506814892661042 4.835797887926053 1.1240327322652155 2.680161797651945 4.07374367511985 3.6578844402889072 3.3862243233504983 3.9837158924768987 6.5680305169701825 9.27775439733153 11.819650468406657 12.896351317390234 7.092636533303269 0.9166078891420653 -2.408625722846088 -2.9017636267939837 -3.1668076106792915 -6.290378812377193 -7.5204969682833855 -6.507584686370457 -2.592889032334994 -1.2049730008322737 0.7087443522461342 0.940355322100933 1.6624716482513953 2.470945171704191 2.8558129436048785 3.8539806520302284 4.98431051634927 4.452242337974429 3.0173577081452967 0.7478573656607285 1.1514636296344538 1.762220421033225 0.151279987679635 0.9901277809427952 1.967312184405256 1.6965102175346045 2.7909178028400605 1.172309064368433 1.2930291889252292 2.378909946309419 5.475516866500422 9.156273193533183 9.740412919387078 15.239126874234142 8.565415990459517 0.9983178132378263 -2.994071967741993 -3.8941106084484343 -5.6159612081918215 -4.455862387488939 -4.242116173355123 -3.4144028725223254 -1.1594775514346436 -1.9231070490560633 -0.7826840060560091 0.007824339213851804 1.790655704967865 2.6034974043752803 3.025015876422874 4.282181866705932 5.781829933768697 4.993147620385512 3.8792019084992098 2.1761711770487233 -1.49120950388222 -0.5237902142570142 -2.4151883401849843 -3.2373009673911524 -0.43480390302774197 1.06820165457802 0.00559014990080633 -0.6438867392481583 0.275468663755216 2.9912830664574135 4.551427034230831 4.593587562849531 4.984372802231653 9.516700330217859 5.762918822605325 -2.1781029818425375 -4.407382176608806 -6.306676367683735 -5.329483911952404 -4.795283766824271 -9.637670602317751 -7.796287560273556 -2.564177305494655 1.13311534452597 -0.36358928783309075 -0.9128129774257864 1.8098363472234804 2.4883603317752816 2.7860562883683717 3.7929596785571333 5.366569028976264 5.2169406609859905 5.097617982046584 3.993768871171843 -1.003239033324611 2.3414424473430904 3.7341955152418764 0.2031294774670279 -2.680280445960248 -2.021208745145071 1.6504573677185725 1.802856007849854 0.9233930817628405 2.2039848776723816 2.71782461846568 1.3210433092862774 4.0682037919412295 4.788024436388177 2.170131576376184 -1.2022700065740115 -4.425261565311414 -6.26633778738146 -2.8004693311992197 -4.436333800446419 -9.483025590949612 -9.755899673793023 -6.374585625748216 -1.5722922234324055 -1.9427661723664196 -1.8370865377963206 1.7199450991044254 2.154763869661482 2.2307086314084703 2.6841086746405365 2.9886270001751436 1.4562365493163807 0.08584840654575088 0.7834482227628358 -2.6396694096023063 -0.9872751310374971 2.266244775138946 4.465423454539369 5.0545050973599635 3.51166067680865 3.0641948194207678 1.6392406903541674 -0.7869454236151406 0.21153091990940917 -1.9220484045485275 -1.958510243659821 4.621025298821222 6.941964077423901 5.258740519642907 -2.031626819609499 -7.5723237732426565 -7.201702732335265 -3.6280786961312703 -5.116959568299416 -6.086640613048935 -5.761466759394208 -6.679722442315174 -5.085240599689543 -4.294255326443154 -2.6799892100849085 1.520761897823412 1.6319986095522878 1.4523551409038409 1.2690216517475559 0.6726952192431084 -0.4522235459940129 -0.4073052103866679 0.07356375194832133 -0.6956430645057678 1.871150265884289 3.8345928488042036 5.084302261602129 5.9562153379623135 7.68191429249369 5.624951011726027 0.26262421278711007 -1.578333419122122 -0.2671907525537608 -1.5634634899536308 -0.17028013881850054 3.3578403936312746 4.4322786104912035 2.6689857397036727 -0.6366224067110693 -6.038982236714902 -5.057847536786066 -4.061184178811786 -5.9421732953234425 -4.699346876494586 -4.671386799271564 -5.514884053275647 -5.136387216319155 -4.990529061273682 -3.344368269812482 1.2460613510301985 1.024896865514747 0.625818489378022 -0.06730933526679067 -1.290652869181634 -2.308863159843431 -1.4696323430848084 -0.34537976284245914 -0.4856175104119925 -1.2426574545462243 4.523429357932458 5.950678339317724 5.853023182195443 6.390307410881369 3.580181141757417 -3.624913139461053 -4.947618090092036 -2.4563142722530915 1.0320780815390744 4.862178262137587 4.073179059598237 2.989895904810044 2.0054942644841875 -1.0548906257098343 -3.7891677710410625 -3.3227648850133775 -4.865366133026042 -7.852301248049131 -6.596495598838181 -6.619517211719872 -6.573767280290753 -6.012921432664993 -5.50601320435762 -3.7923178517727423 0.9274830934447804 0.4363787368023713 -0.0767075220943021 -0.9483147310917706 -2.111462428692518 -3.2493576605859165 -5.159294909068128 -5.330587275638346 -4.205570375065044 -4.778276904329998 -0.09906214305207521 0.8754753546997335 3.562771930979894 4.219337330079583 -0.09940802375917474 -3.6179424146837498 -4.038351236388167 -0.5130300858502944 1.8576342608024006 2.616545759277651 4.586568555124869 2.9034250921946905 0.22662618498842332 -3.47681874992924 -6.074043694394375 -7.114622646287782 -7.8783919664683975 -8.371580154039275 -7.233699251163828 -6.764586476569824 -6.575411469207634 -6.154140582954449 -5.688274845084792 -3.9757567745083566 0.6074267010810955 -0.08548299028830249 -0.6434156789979077 -1.5165264295183027 -2.6196653239439733 -3.6734059601689504 -4.703949095196751 -5.481636351954373 -5.289370145793523 -5.87729008161561 -4.808698528909881 -3.4923797700066737 0.8118765914731323 1.2786468407918272 -0.5867534778753469 -0.7604750435471279 -0.27765504854809636 1.246543262046322 2.3472234551573763 2.331285907091397 2.782425521305289 1.8489937056380321 0.0906398464589401 -2.188410665036475 -4.7320051622595685 -6.6078534704270995 -7.321468954983835 -7.350545343309328 -6.8622328421626015 -6.454120270069964 -6.252069094892232 -5.888793700275234 -5.5439126842564646 -3.9682591585001243 0.29848066640604304 -0.5218847996895796 -1.0858415922592575 -1.929737517787151 -3.016692483860679 -4.209476444761114 -4.6639987877668 -5.0624260967621995 -5.388936619601019 -5.869280065133141 -6.501576918567353 -4.651803423995322 -1.0694479637310994 -0.5326813993733441 -0.651240928181866 -0.5125679440954707 -0.12194971749470035 0.45028661288028493 0.9361324391334016 1.1637438802419517 1.018543764716824 0.28703399228481447 -0.997894625471111 -2.626147237878273 -4.325901989015077 -5.580301502353544 -6.19857307421659 -6.362049450275713 -6.19806622455645 -5.972439141916109 -5.786929054248718 -5.465183100970593 -5.198743991163262 -3.786892205283783 0.046115059396220924 -0.8367280044536787 -1.3829168652507107 -2.182854921271285 -3.0637018506024405 -3.9655500888168573 -4.729863873690705 -5.422135671980109 -5.870400570824157 -5.821810494290294 -5.138701803086943 -3.9117065432145934 -2.5301922665579784 -1.675104005185806 -1.2776280735732448 -0.9892458877486727 -0.7081221206717231 -0.43465540172867256 -0.2116016723097922 -0.15416843924961623 -0.3426932022662294 -0.8844454454122461 -1.7545258005097553 -2.807835660700881 -3.8806291716109005 -4.711419249534548 -5.214959988229937 -5.464374872432287 -5.510849043632996 -5.429691902375866 -5.27293688290922 -4.988183259909259 -4.771057655123102 -3.5180663134996464 -0.5194280363066316 -1.4020802645909163 -1.8338515616446307 -2.4575409393161274 -3.106871256944769 -3.761158375454625 -4.357570730647917 -4.850464380050046 -5.167643114689833 -5.187526771299261 -4.893725634868357 -4.3546212313435255 -3.6675456694715316 -3.005431418976004 -2.4492874354371232 -2.008633377670993 -1.6931676260299362 -1.4924622671547525 -1.4026067146988332 -1.4200487646559616 -1.544032044878057 -1.7857235424798457 -2.121147246733403 -2.4915374760808016 -2.8489413055920347 -3.1371051509152856 -3.3365227225643985 -3.467145248453721 -3.530784938730728 -3.512396435562864 -3.4287267764645692 -3.277321683733327 -3.177123523484129 -2.4070714368412673)
(UseCyclicTransform "false")
(UseDirectionCosines "true")
