(BSplineTransformSplineOrder 3)
(CompressResultImage "false")
(DefaultPixelValue 0)
(Direction 1 0 0 1)
(FinalBSplineInterpolationOrder 3)
(FixedImageDimension 2)
(FixedInternalImagePixelType "float")
(GridDirection 1 0 0 1)
(GridIndex 0 0)
(GridOrigin -87.90445763545443 -86.91671333029583)
(GridSize 30 25)
(GridSpacing 80.1188860242631 80.17988615365383)
(HowToCombineTransforms "Compose")
(Index 0 0)
(InitialTransformParameterFileName "")
(MovingImageDimension 2)
(MovingInternalImagePixelType "float")
(NumberOfParameters 1500)
(Origin 0 0)
(ResampleInterpolator "FinalBSplineInterpolator")
(Resampler "DefaultResampler")
(ResultImageFormat "tif")
(ResultImagePixelType "unsigned short")
(Size 2152 1750)
(Spacing 1 1)
(Transform "RecursiveBSplineTransform")
(TransformParameters 2.1540082710381125 3.539846281223648 3.860334771174938 4.271152072806613 4.509021760060783 4.5299957642001525 4.284368356798581 3.8052001992502067 3.1020612731571657 2.1685363329189284 1.05825837447537 -0.11488305771273756 -1.2530139486446208 -2.244485945595281 -3.0308432562861967 -3.604817654443821 -3.951233723925316 -4.046767081820926 -3.919642322595797 -3.65124368711308 -3.3099471224688912 -2.973787822544288 -2.6881174637834877 -2.4676859012447867 -2.329985526135249 -2.295806756795789 -2.352689209386823 -2.4435618394517 -2.543526586425824 -2.405878031114836 4.662620511074109 7.342240356760633 7.990830391037321 8.829059462946176 9.347932915271787 9.46138709495526 9.072489694358953 8.243046011921265 6.989257415472233 5.299091082998719 3.2683064144560507 1.1055808370531082 -1.0089937124226265 -2.8742210504550143 -4.373997639054508 -5.4732318226677314 -6.127366114973305 -6.269942514114025 -5.958297143075523 -5.377480014271753 -4.6809585964188445 -4.045150137121997 -3.5709848935018664 -3.287915072190426 -3.2327420391452892 -3.457869425544341 -3.912884311063416 -4.450155524516107 -4.913513286122098 -5.108623203119868 5.66890270762305 8.844557374049026 9.639821088018607 10.674713608538909 11.346773660571355 11.556694090897553 11.18403896071087 10.288045023165035 8.876016372323052 6.920407205705609 4.529629693947631 1.9553555581600408 -0.5851670132052044 -2.851102872962407 -4.6966583794565055 -6.060919207169967 -6.877507072750866 -7.048383894050712 -6.644047756948003 -5.906849326608887 -5.038134211111363 -4.269449793530194 -3.7293072148307504 -3.4480661266140507 -3.466819213196843 -3.8479370288651014 -4.520303130404413 -5.293610035445598 -5.945577637676987 -6.3197272687430095 6.799185467934019 10.505651733823322 11.485102242187475 12.782981050055614 13.701634307004953 14.137402328408431 13.933743941270471 13.112086147243733 11.640240676948212 9.435577970876505 6.613267733017642 3.5048030285967 0.3763884598909137 -2.4973602171542284 -4.917815650417201 -6.74684654583373 -7.86370924089578 -8.118352124503751 -7.600345367087025 -6.642777583809173 -5.53050898733512 -4.607867060570485 -4.037258689372168 -3.8003520507620565 -3.9324043451501662 -4.5308432415992 -5.499562477009882 -6.572044527675389 -7.450397856987026 -7.984702232725488 7.825104907717437 11.971773890778971 13.151741809844657 14.763749534980025 16.045009719102165 16.905022421517064 17.134559743722214 16.651747382916763 15.329050151278752 12.968099859643779 9.682750229550999 5.943607779744551 2.0731871520566147 -1.6509425887008156 -4.9481207716881865 -7.515509266907874 -9.125368276199533 -9.550079326840079 -8.908783255750867 -7.672900035563199 -6.272047561345717 -5.2089594351627 -4.667163382882605 -4.546393066684777 -4.838412230695162 -5.700874319359177 -7.020327655097845 -8.405925644508809 -9.496255115391648 -10.06532981730614 8.738031280869217 13.202465113613911 14.616217001417779 16.694544190656462 18.631235207648317 20.26763189457113 21.267162148890808 21.386467495449146 20.3386646644251 17.729924337692992 13.751345188965987 9.18683669833648 4.458571705839906 -0.3515114996137457 -4.8357688816960245 -8.30504985415819 -10.440819301127773 -10.985745291360004 -10.074505303366887 -8.482739006450446 -7.261044404741093 -6.27721616645362 -5.230932798832075 -5.4295456062496985 -6.191973015187605 -7.43398271710215 -9.203963845601715 -10.906926771925551 -12.120444783001437 -12.543412359908858 9.396943828284266 13.953778531463838 15.636699477821013 18.427856967923326 21.50990097329263 24.407454913800574 26.503646378732224 27.40839776816253 26.704147283577417 23.82626298308691 18.886903655151233 13.364878395391413 7.637784178757184 1.2744247998362455 -4.569841885570493 -8.585263108438843 -11.539452568591138 -13.097501790623786 -12.634612644359127 -8.436624249457553 -9.716346077715851 -11.805332248581642 -2.3915434443565338 -4.316279056988731 -8.967011007379446 -9.02846638188394 -11.166573392315359 -14.049126156127786 -15.234585580543243 -15.258354778610927 9.939676600696622 14.20184144930832 16.048996871180517 19.89592014580875 26.145965894498623 30.837678626007012 31.083136035127556 31.450997811623186 32.954517515103475 31.545698545335252 30.4828955415901 21.647724504320657 12.025750764734399 1.681167730297739 -6.919315862915095 -5.322999307091068 -6.405729498379594 -12.085161330350243 -13.493206853835456 -4.367739089313964 -1.1088244607697215 -14.058885141648107 -1.9870111110476987 -2.3958590070739465 -14.839505770039725 -11.046141736298543 -14.246180156708139 -17.16270389851353 -18.289068510018115 -18.0443474902673 10.490903771111052 14.077145287722708 16.321016138914153 20.17763451296515 34.09318450763758 40.31323321380161 33.11856737575805 28.876777211239155 30.051890420013898 35.05937066300348 41.64830847960507 37.272176149536 19.665080745161212 6.158915517034096 -9.918302870305443 -9.155373219986817 -5.954880762832998 -8.755964688168865 -9.273660517836998 -6.568975051411769 -4.579422020748772 -8.707272918334684 -2.4716050729412635 -5.259596946716701 -16.88879316793484 -15.361298230462525 -20.053618789751656 -19.62289253449572 -20.724081139070474 -20.725474725630654 11.158061271650427 15.373141946556148 18.725902572652092 19.16035767479297 29.453257200469583 31.106876601906276 33.28308352211948 35.53974515652297 39.68659449288811 38.70266447061882 30.610157902924332 26.102584365719114 14.4275730978685 3.0704576313148295 -5.251031567610574 -15.527785083563106 -12.487906130929154 -12.89600409752972 -11.275957074919393 -10.688701186891162 -9.234601138104125 -7.595624927593868 -7.445341079077869 -8.053787032659105 -12.310750409503036 -14.99538958105415 -20.611880145560214 -20.751011434746903 -22.411641773036255 -23.204919219180503 11.916342242721836 15.930841922653466 20.809039987354495 19.680579037021314 23.193404839548045 18.200634251375842 23.779661378933252 22.944697702836226 35.20862931983299 30.746463457512462 18.42544274096798 16.860337977510078 15.340415649191424 2.008409790655847 -11.60710542920452 -19.57735759893379 -12.622727505323754 -11.798106877710225 -10.203275381250888 -7.353842676459149 -6.848618281884703 -9.229972629539622 -9.361701005069847 -7.0751701793907795 -7.000742716869912 -11.52704828491591 -17.975209549786083 -20.507749565674903 -23.232369718548007 -25.38516635261381 12.876775919879046 16.593468668178925 18.025196485154545 16.922572073251764 13.936900508638926 18.471922460230378 24.545949148067194 25.761997490430844 22.2204869520244 14.415632743910747 6.540710876566236 6.356244018151707 3.4448905960352727 -3.8900657897379967 -12.565007889330847 -7.857253325604298 -9.603001134459868 -6.1146278496757995 -3.761985491342145 -5.9019329636757165 -5.2946585777314406 -7.245550049447627 -6.849508749360522 -3.2858929979814024 -2.5246883397817057 -7.577978333499259 -16.003216699294672 -20.24569637778228 -23.843042377473438 -27.247903648303843 14.136612484568115 17.820320441734744 10.589561963989711 2.1830801358353153 11.977165331541492 25.224530592400008 41.610053439037024 25.112317576843918 20.308633675371734 9.79807887955723 -4.830570589203797 -13.028767726780405 -20.446236153036555 -7.515121149191074 -0.11130118776997479 -1.1428660922142446 -4.106095049782953 -1.3097867547562694 -2.662972155092953 -6.614373294766373 -5.9511252560535155 -3.1858808130215954 -2.2965034564906275 1.0920204828388869 1.1816834645735241 -5.302467279223384 -16.294918705811845 -21.258061787946012 -24.90098820670705 -28.774358484239347 15.327068371450107 20.663166595962128 21.1434387187862 13.039757649242567 17.505202953017836 18.962500831647066 30.40754241565285 24.649375845511514 33.13055410835712 9.37471968915267 -17.004734754593585 -18.98393710786842 -16.86418699187648 -0.8736909564169549 0.32094016423378346 -15.761807085536324 -5.618160877329347 -0.7884347816313145 -1.302213380811752 -2.2633091024579324 -4.574078231740445 -1.9801313011766566 -2.015029573894592 0.6932773293904773 1.0224157090058001 -0.49337468916489424 -26.20939168775694 -25.026040056804202 -26.144864442366842 -29.852592608066235 16.095428653434137 21.904807369853984 25.213107125710632 16.117318516993517 24.539906611907327 31.517590843321347 26.145976630504943 27.114601692895754 29.494030376499026 18.56208788760791 1.7884049418354422 -11.444368820806142 -3.761072450705064 6.314496344601445 0.3506218121332177 -0.18683367868823783 1.8943820246394143 5.121082868145887 -0.7953558633347627 -1.2565643919559568 -2.153653563160051 -1.2635956511465471 -2.43947985722779 -4.413396548583658 2.8442684238939115 4.800133190808418 -34.04312141071897 -28.696259378820365 -27.290257701966016 -30.371060662538564 16.271273795268524 20.16174325487505 21.383283322878732 17.448188030527348 22.67613356826979 25.522024219663432 22.799945437030484 22.51786413381974 23.785315502685265 12.157394637725961 -15.018034583106335 -12.7094423563735 -12.113935985820152 -6.8867818698331 -5.908512695122912 0.8340200827183114 5.264519193259848 5.96734860976767 -0.46712151055370876 3.242077498760979 0.3591365989558803 -5.761003825923315 -2.6135375711593873 0.11916099810789847 0.08507273275933022 -5.578228389922159 -18.181241918666217 -25.205126413668175 -27.28247663113355 -30.233727151336296 15.706397418376717 18.701777448308277 19.218196279036537 20.032027096754266 20.18985189974218 19.408661585678875 17.971249381036657 18.515369034126447 16.259213643876393 22.10583500654235 -7.682562842334926 -16.284811612979265 -0.8075036184249885 11.71348059628666 1.1178322632223665 -1.7862307589364868 9.608295385755293 12.358445936311377 8.498323550978746 16.521693343883623 11.87113967631705 7.036485250043276 6.0996650556222285 9.570032438459824 -3.9655057062451724 -19.12045555815072 -5.542380118469326 -18.125401854707437 -25.104063361703187 -29.343819072248255 14.605589859737538 17.061635154801973 17.458270410947005 18.0227004923712 17.825533108441874 16.611500737109328 14.565527793294915 12.447293089422896 9.331911160380484 7.086831165545374 -31.110807775711145 0.36582492313545534 3.2197410680105243 2.4727260406673612 2.9938014618382516 -3.809934549479304 10.689450817604142 16.620186347884818 29.494235792477113 34.37424273075174 5.32088790971642 1.6135703025150716 55.60507256772938 6.278845707211418 -14.13370418723917 -7.9987916575125055 -11.760719325644718 -17.733033395234827 -22.172624394422645 -27.802469463797436 13.176889125635347 15.026765495482168 15.241101916867846 15.378656463945136 14.869169484424702 13.497608340374745 11.26788516816852 8.05763122897614 4.4075644077088185 -0.1458859056361075 -4.8791920220160225 8.222834971522785 -12.591540277491676 0.13530127163344183 22.623494575022303 13.67420126069795 9.199595484229024 17.472205816657567 52.0294148715977 42.40147230726183 4.1240825743395995 10.712718287673232 30.660765194390333 6.303292479561058 -1.3162531918457872 -6.205032911322786 -10.777106196826539 -15.677034949799875 -19.876926342767167 -25.70861073474089 11.558850754925514 12.831915062065514 12.809992298594892 12.597136032932573 11.867118302844233 10.421018639923581 8.238017839948032 5.2538392378268925 2.5104921932599287 2.619020394932047 8.766799480406306 15.11380367552374 7.613968460517503 12.766280314668137 11.411786424973632 21.930918023592742 15.42797745582036 23.158925485169018 44.31381288822668 39.77517791034191 21.232588424970697 15.460577549655337 11.580515414173757 6.556246025565788 0.7233373795716748 -4.734782798929228 -9.203951450918312 -14.0039798729497 -17.80942661350435 -23.216905587093617 9.879511557978148 10.733792314455378 10.541651605701146 10.140911212186428 9.317135005551453 7.892084006686707 5.865273429459923 3.2075470982422174 1.2513303524434116 0.3393580514006528 11.609496900474532 17.525900484401387 29.37907104271394 20.542325007606763 8.081131952314022 16.276024958138372 17.95966686844748 16.85495399385839 24.970202131132414 25.04892100979112 19.890375993048377 14.826813184508673 10.965133094475132 6.563270655183402 1.6168855297282507 -3.2912361622012476 -7.745835162939334 -12.213272636911354 -15.554832561560822 -20.460029033599245 8.33336481293602 8.95575585810706 8.688737416735705 8.231235507774791 7.432681126758427 6.169338960710537 4.467578642299008 2.3874300733693885 2.4657172578757116 2.497016160252426 3.0883937393457477 14.655846870356017 16.94661536188017 16.72727392153506 26.605043670176595 20.40815668165951 17.452722009528838 21.2924364979023 19.805902302220204 19.76641842344444 17.19878017720019 13.847165930200685 10.335671827622546 6.440696573578405 2.1891316183241827 -2.1980472244521203 -6.384622369645473 -10.434564455544184 -13.357011584971449 -17.78858765828322 6.968817183148942 7.574254633958326 7.349442974227613 6.969692499183148 6.356312029210979 5.707063758330768 4.643022250491997 3.4141806707226627 5.929580658785944 9.52929793731806 8.980593764531958 15.871354752808225 17.721750348039166 24.529836209958614 38.71740628688842 28.309870187756328 18.630499647499207 19.201282345518113 19.3493841266586 18.453502775154313 16.36552067898089 13.551505735443296 10.275024534776644 6.664496849803185 2.8432349586684227 -1.1322407999674375 -5.002741575054799 -8.649420713039484 -11.226276198155771 -15.249843261837878 5.881208073841423 6.558642002488477 6.425825658812672 6.185603891237989 5.7964936648576835 5.5609663818081865 5.102083072753892 4.559897683312754 5.301215530912567 8.187050575924061 12.15333886799376 17.5672561128105 19.87834449095147 22.14296864715064 23.365365803621593 21.52513487628455 21.125771501259575 21.05968647223323 20.250110633305756 18.62381434988655 16.245975141751217 13.40274726587828 10.250810958142484 6.865511725800972 3.3381204178933017 -0.29526571252492906 -3.8311310328168133 -7.1274647515339975 -9.440579267225845 -13.111822450242727 3.1310460579885757 3.9320802046725687 4.06462966026439 4.305868934830789 4.609498019531081 5.129538644905332 5.897259521446913 6.907104697753136 8.310663433182546 10.542208557242073 13.422653053567945 16.13390936723345 18.284650425291982 19.706114402208385 20.399542899034767 20.67367684462522 20.528657370571285 19.64339688013833 18.012106453063453 15.879485793932032 13.435599565323471 10.914432992789845 8.422351533088474 5.9428771408940415 3.48932494701649 1.0358046563131724 -1.314181301845196 -3.478474700874132 -4.983360282729901 -7.413393905977191 -2.5487179258803927 -4.135080776270763 -4.519454550536812 -5.033838075957767 -5.388170266617637 -5.549447686574332 -5.451209057571802 -5.095344484814934 -4.461168837183536 -3.5138077238625693 -2.260917252402306 -0.7511495952192504 0.9754526488444597 2.8798524030548642 4.911288457024178 7.007673639560922 9.106632160963352 11.155663042155739 13.051911835374417 14.639241486757498 15.778982011826075 16.297380309006808 16.164967464103118 15.49839186763776 14.369349323805148 12.795517099064167 10.959029069139918 8.92383816944096 7.482474614616115 3.033419166531507 -3.8441762075649444 -5.657962756217096 -6.125169062205092 -6.774984685916267 -7.287630196917866 -7.646986874777876 -7.752945017460081 -7.536511418194901 -6.914564387625597 -5.779153925126578 -4.102731226875238 -1.9395892295459711 0.6711972485010781 3.698571865669643 7.062648501008261 10.638287965789091 14.302561089908329 17.957716729887114 21.370469941403606 24.161678212130155 26.000401281578196 26.464907648801116 25.541676551776423 23.631881012303335 21.025068039268188 17.979720206795623 14.832401582048755 11.603363610709032 9.37735666960573 3.086216121210944 -4.285857510137953 -6.058084146470074 -6.534617962482998 -7.215486542898557 -7.798379208444398 -8.284976609061596 -8.559756970826085 -8.50335352341244 -7.989357165449577 -6.862036106497452 -5.0708583271846495 -2.6775572217704506 0.27751127484580934 3.764659384064396 7.686606397676545 11.886992103503857 16.212526597159894 20.54021812026842 24.575381150674293 27.83748510286203 29.902007789918372 30.238917737202264 28.849113552218153 26.280068964428015 22.945736272419992 19.247096762310854 15.585958910160723 11.945179222881828 9.465942252101845 2.7201319270028272 -4.8490081412941315 -6.4875920367146245 -6.944872693510327 -7.630347460362509 -8.28916503095527 -8.966385517640676 -9.52760060791519 -9.766272443554648 -9.48523533012687 -8.446570158233548 -6.564427818701909 -3.9129397252563782 -0.5420361612609672 3.493852635895863 8.066209530687667 12.978352568218005 18.059980840580153 23.20050230622232 28.03021445755178 31.91694114906346 34.3195312520179 34.574577203813476 32.676597363268655 29.295635566314143 24.997466928351585 20.43827218258417 16.12801045845521 12.006777507819983 9.254676388728075 2.082383369321969 -5.5423061961335875 -6.949313978051572 -7.339642915140871 -7.977478564319886 -8.693882967151628 -9.61258209540403 -10.579338862295682 -11.262495983755976 -11.37254035346884 -10.549126399042263 -8.6397869694159 -5.741128187459376 -1.9342251908088008 2.6564924374634615 7.857477341019681 13.440102455654356 19.23836829985329 25.21292475972021 30.953526025851588 35.654497022289945 38.577508136972064 38.90068045059371 36.64030278052243 32.44306663933766 27.019053875898216 21.45287967225434 16.412298289376746 11.783630339926201 8.77353096537728 1.2379358048362668 -6.421368808624372 -7.535971575061629 -7.8131337997047385 -8.266869005496583 -8.838177809765902 -9.832000854155233 -11.16078041724831 -12.439727305534312 -13.219669459626497 -12.969851066560226 -11.463213276909105 -8.575208902584308 -4.34178931998984 0.8233210510886951 6.708239840185194 13.156551646639723 19.868603032301273 26.689469402544816 33.385568389492114 39.01620330002836 42.49997677655865 42.63463497661999 39.62929858220305 35.17675593286522 28.74783252973078 22.17552993091402 16.472202137444185 11.338493029426585 8.083586859126406 0.20915302129880728 -7.472781385813594 -8.260972575025715 -8.382370978903205 -8.41223560673578 -8.430263633735573 -9.149320097996632 -10.73256921136628 -12.770478941930822 -14.610566105184096 -15.528395003632442 -15.270215639604062 -13.053417204379718 -8.436114219193671 -2.7853976130675666 4.21296296777265 13.136362255178492 23.242754391886308 28.148319628206426 34.29271665713824 45.93319056244317 53.28730415696391 48.94621614710507 43.51769835379562 40.201568099396795 27.411037060137048 18.751000033546823 15.787900017026645 10.580479278889726 7.139387204468086 -0.9874141470044143 -8.754593657647607 -8.980335173745589 -9.845597850465708 -10.501652246180797 -7.432842625477372 -6.669200518504809 -8.809692728485304 -16.433448096318973 -19.81336969996622 -16.889158256785347 -23.606010499716504 -27.97840193212948 -16.06529834736319 -8.740524320698134 0.9064842316488904 15.153520952788531 27.55714683279708 28.0830470486111 31.716163063341508 46.96993672560015 49.786620994286174 44.508463918896744 45.30533262492868 40.95151634922907 27.422568139248686 15.647302752136943 14.542299857760378 9.70052328011643 6.133325702863643 -2.252017719678039 -10.307489961114094 -8.666509034552808 -9.745118479828637 -10.081518367072759 -4.883036718170745 -7.304369975295868 -7.803267649134156 -18.349230817395007 -21.09156861008663 -9.263132674206057 -24.42607945187325 -37.978122586861915 -22.958883289053325 -10.133678426760525 -0.34174416631736165 12.29543944877373 20.519810404610816 24.804670677592128 29.459112658854192 33.24672086022606 31.09809090009833 25.582492600068427 23.49032554352795 26.746608057458225 24.68922594733804 17.367551557900722 13.959087656431768 8.886484694020501 5.24740665669919 -3.485334408194662 -12.130931091491886 -10.656318215970074 -8.20919986828047 -2.7490624357581877 -6.158414638546559 -1.2624511671396206 -3.3868066229604206 -4.188094431346593 -11.339523829950165 -7.273782072278731 -15.632007870596212 -13.969404732263145 -12.590406814734395 -6.448645833079576 -4.008005614591234 9.010863293845729 17.544489725863507 19.834452689668804 21.897885221794912 21.45074995774174 21.478839538689492 20.32580820516659 19.24299836916093 24.742945316658016 18.486365993990365 13.061162044029032 12.688155498147312 7.777500679462064 4.285005950669228 -4.69349386893465 -14.133516947610955 -14.358266362662253 -16.33207565346825 -10.930400394380927 -3.657910603020285 6.756128287880059 5.223024250837919 -5.022671666431323 -14.48109405816792 -14.082016800371983 -12.540995043388016 -25.94987889655039 -12.39366401624228 -10.53192876917166 -3.2069257529059674 1.1530999656248688 13.712157387161042 13.210506693290064 13.326611792962959 14.055140862110981 11.267417523829677 12.664780996977123 16.63037490527295 17.984858458796513 18.00092157023772 15.09001136673038 11.125253027062351 6.105173334001785 3.0496480123142944 -5.882902063635066 -16.132744421234424 -11.612206161542586 -4.910685742116428 -15.405705774183254 -8.615847653005297 7.262427069556402 12.070559002718065 -1.4370098160927538 -3.885254821840579 2.1162170291401354 1.2110131676151759 -11.609102359553722 -9.068862519117461 -13.323893150925596 -7.198506312313152 5.33621609572236 17.796635501361443 8.281695374535404 3.0933828041399543 5.181931439691507 5.4843292684927825 10.093604599137718 12.761084515730378 10.752998570414393 12.490874495578344 12.542116809505409 8.07245124069366 3.3727357034648855 1.0939416422126633 -7.220185726612268 -18.080966693418176 -14.122714583626516 -4.731254014138193 -4.698773485606655 12.715341129744814 15.668182605040332 12.948672882596824 8.735371701071548 20.107607515281707 29.008085679833325 13.488334860928536 -0.30619266441402443 -16.54539773988733 -4.6358087653622935 -6.282437071803523 12.73328746027537 9.856517532902107 1.3006189594923387 -0.5157290569394208 2.28913078594376 6.340249474071813 8.364931947674078 7.732450505128531 7.384647962380602 5.268976869979373 4.197566140738345 2.8048030827825503 -0.9634595811244663 -2.02481935679837 -8.872180898237957 -20.012345276210926 -17.1709035256472 -13.881953174094592 -13.778033165630927 -5.345513059568294 -3.0217973024922236 10.496390909861711 13.181740547500763 8.009396587164167 3.75557750536631 22.691952131393403 10.207625540434405 -6.774926871845702 6.204852392083575 -4.551735758811675 -2.1201405108324782 1.1951354916829982 0.43837945985360394 0.2510874475938086 3.5770655601327843 9.5478052980297 7.620796164348811 5.210045635629551 3.951123854655038 -2.731879387967572 4.235507518221598 -4.49775093304075 -5.634072237860596 -5.241920343071637 -10.837131464656617 -21.96327225212576 -20.608314497059702 -20.52428772699112 -25.274373640352444 -31.641057615491157 -11.872584747098056 -11.260011170027296 -24.80650809298824 -28.21271161985539 -19.628100197698576 2.022875699670153 0.752463927267739 20.383054188522994 8.42161012295098 2.698926917295375 -1.0692782140128292 -1.7163872720596467 0.5887632762045518 3.170099618801336 6.249666372773281 13.929740201409535 11.650094414417659 5.2270131853583806 4.021345906695169 -0.6323691068093297 -5.403018517912942 -16.03015360978865 -7.592717933393217 -7.489210840179697 -13.113656600337498 -23.621827511835924 -23.469408792787583 -23.427428017576513 -26.77370901840775 -23.49479861693304 -5.8479752298592915 -13.862039837488618 -19.22605623652218 -16.683155488837645 2.8051258555837055 8.484484937421737 3.813329196094465 14.043717849467379 5.084694565766217 5.503671246475869 0.8886203000250356 -4.856466437842506 -4.915749046634046 -1.1006574099389523 3.005646489832118 14.951355386435962 16.15618915048303 2.128118167673483 1.9500925501760669 0.8861760100011951 -15.230375927526593 -11.673463391707049 -7.244324267691385 -9.671811757465347 -15.438845915560456 -24.66318246307806 -24.75995636119863 -24.243443259562984 -23.03026017426381 -20.492016108128933 -18.66718341840214 -19.42685336816294 -20.7859361752853 -20.31811826194588 -21.702776060016532 2.3897125428565174 9.889553169855843 -5.633129084392117 -1.583786320429387 -7.021701240622477 -3.336716013854583 -10.640988857932559 -15.04451628594316 -18.515776368745577 -4.904447637336641 23.119355064472714 25.11290830703379 7.721537075167648 -5.310853890532177 -2.393538478089707 -11.363016539175362 -10.473884300658858 -10.261265459897507 -12.702511244397188 -17.549373818745256 -25.027521278251147 -25.395664237320926 -24.805647725487802 -23.76032298605778 -22.45192651234458 -21.74743115414722 -22.037316833976966 -23.211387448634632 -23.824103955174866 -26.69181853895473 -28.920118054029906 16.10046584455983 8.146170446053512 7.400832671548743 4.199481309862765 0.6521255535348026 -17.198430190059128 -22.156423885056768 -14.298647850055993 1.889377265505568 9.288948822772126 7.712580603387605 -6.470136630374954 -19.11859220494695 3.351197531107321 -5.533452437288587 -13.35859613480251 -14.710659349841258 -16.045490765629083 -19.327079427666806 -24.653781299293314 -25.28778578668544 -24.65596445128302 -23.910022750177028 -23.223429454834424 -23.085956751267826 -23.51227685676078 -24.29018308169422 -24.473722230040327 -21.592330840176032 -13.316336083512393 6.639200641685133 -2.215212746250014 15.90216267934416 17.13663226024091 -1.7425507659095347 -18.531217756622052 -16.050692765370822 -32.89036375855565 -7.955758867233178 -0.2801541278667051 2.1590469691452454 3.247550635323083 -11.116096484090633 -11.336174969220057 -15.998807341149394 -17.991721293230814 -18.459671134333984 -19.15495877613082 -20.65176067175973 -23.706839288299662 -24.654947804762468 -24.04266890164278 -23.50354870393886 -23.18855925764511 -23.54904970578687 -24.33738629727048 -24.677573750734584 -23.6423626663327 -20.22641908064712 -15.56025900504042 -18.293811215291704 -8.005428912067229 4.788336668241163 3.0798589005338455 -7.9202731485418 -25.92588415413009 -20.635818810760927 -30.559010940024645 -13.559298555236593 -5.279577046104786 -6.30128258587102 -8.517875437412313 -12.715160225479384 -16.45308364744231 -18.995775566399747 -20.385346120995226 -21.069038088378242 -21.36893266006119 -21.333944190845443 -22.32996624098382 -23.701879910227696 -23.208307250635972 -22.923761144278497 -22.94636115185795 -23.779414594549003 -24.95669280029551 -24.967564916217974 -22.378041951631932 -12.68354003444305 6.093050749467557 10.314242999682513 9.700853701947286 -2.5737260626951173 -11.656297450022363 6.743713304570358 -12.417014832189194 -17.917724541577115 -14.703308020666404 -15.501864543502933 -11.622524864729897 -9.894976612621095 -11.335662888969138 -14.037158893358379 -17.018020751081814 -19.44709830636915 -20.975436638435976 -21.750886809657928 -22.005883333282824 -21.161536611972373 -20.843561432745453 -22.7221953923596 -22.42349509274649 -22.439047718053036 -22.791217605821277 -24.05891982919354 -25.625792548691184 -25.892390554237593 -21.121870922331425 5.114592636939882 16.257068244889336 -4.086241750128239 -0.7891052761301239 8.062113466505265 -10.310178898018513 -6.9965247835434505 -4.908909418335198 -12.944744814881652 -13.063155172339473 -12.815361150994509 -11.06468738377614 -10.57626998881069 -11.967068556633732 -14.284342871593168 -16.920893374495183 -19.05884645593335 -20.449590977220236 -21.217924811596625 -21.589002606203035 -20.414011115542365 -19.27309830390954 -21.729239205021344 -21.694253058780973 -22.06485788257149 -22.740773611129757 -24.385401346870967 -26.476601027009945 -27.099181333507488 -24.95883689163739 -19.88427740441982 -26.60661242012314 -20.580159175958784 -10.387302819042647 -1.9277847263207604 -4.39659356299851 -13.191546208403572 -7.300791862431768 -8.55715963997084 -10.251729765370909 -10.861735853659656 -10.442277610893695 -10.659889329239444 -11.948887153468243 -13.882777419998124 -16.04126289066293 -17.820637064540062 -19.06870455576671 -19.846442730014235 -20.31564959241646 -19.05539970358422 -17.748675189598295 -20.65368957176546 -20.85428546611926 -21.521949716974575 -22.443611198711725 -24.09916894704105 -26.45587710315393 -28.006914067878512 -28.81104383015635 -30.121617713881495 -25.155474351432133 -14.378131940332066 -7.5639563083431325 -4.059492815801839 -2.349861288795084 -4.311258198677772 -5.862469594213261 -7.6280053719362035 -9.118182578201987 -9.877231777429403 -10.059945553032973 -10.61287143405295 -11.776673843840985 -13.27264757015439 -14.887552360922431 -16.308781400559756 -17.414738783588433 -18.164216589538597 -18.683477048561784 -17.467090093422268 -12.29229982971444 -15.52476694447079 -16.092620195728596 -17.123995564100394 -18.245255877126887 -19.709296827684216 -21.31508633548343 -22.54429744008129 -22.770932106239012 -20.80802800749602 -16.713844841285947 -11.862101144799162 -7.24980159297279 -3.9070505800941038 -2.2098990952354742 -1.9285489850636959 -2.730274114809996 -3.92807873901554 -5.174387794552714 -6.356466340966295 -7.390651063811944 -8.27973651283538 -9.039958943932303 -9.731686536143897 -10.389940670973402 -11.048923319380014 -11.695936637379917 -12.200413889437469 -12.612130416537063 -11.634060986777339)
(UseCyclicTransform "false")
(UseDirectionCosines "true")
