(BSplineTransformSplineOrder 3)
(CompressResultImage "false")
(DefaultPixelValue 0)
(Direction 1 0 0 1)
(FinalBSplineInterpolationOrder 3)
(FixedImageDimension 2)
(FixedInternalImagePixelType "float")
(GridDirection 1 0 0 1)
(GridIndex 0 0)
(GridOrigin -127.31511967868146 -106.73749029689029)
(GridSize 38 20)
(GridSpacing 80.33116731825797 81.4093153303929)
(HowToCombineTransforms "Compose")
(Index 0 0)
(InitialTransformParameterFileName "")
(MovingImageDimension 2)
(MovingInternalImagePixelType "float")
(NumberOfParameters 1520)
(Origin 0 0)
(ResampleInterpolator "FinalBSplineInterpolator")
(Resampler "DefaultResampler")
(ResultImageFormat "tif")
(ResultImagePixelType "unsigned short")
(Size 2721 1324)
(Spacing 1 1)
(Transform "RecursiveBSplineTransform")
(TransformParameters 7.149327079598972 9.32784507412633 9.596563206774716 9.951867797594497 10.02828359974304 9.802032844477218 9.227558875878016 8.377476437349381 7.2884849431256375 5.977844557291565 4.527093311705016 3.0940413233166613 1.7756725249674041 0.6498154149205435 -0.2900489646475239 -1.2000100005914385 -2.006542197565665 -2.4056673176985237 -2.242345006504545 -1.378188390145075 0.06191403295374997 1.5943162025616129 2.9047389658891825 3.655807317322481 3.9619330557977457 4.545528101704186 5.523377837448844 6.527899147830772 7.338931873773817 7.706113392812625 7.573723855138029 7.09222802494031 6.331951941078471 5.31002889523492 4.139853204001179 2.889227975556443 1.9801152098265191 -0.1650610715538364 11.02566946713622 14.561985146880435 15.07824153403066 15.711586417109865 15.84317887110311 15.423266994092575 14.398082660015925 12.94637235569081 11.166117393038176 9.134958095333083 6.947445316836951 4.710775264098008 2.536294648450739 0.508489677792046 -1.1908381868512556 -2.160351322213727 -2.4414166107113955 -2.5059414402849143 -2.5419195977387603 -2.4428610949144045 -1.2302967313405655 1.142575680707133 3.7633706472989332 3.7123176792172647 1.825739305133315 0.9194212767285833 1.7118226488947301 3.9211805244115903 6.5483994216972325 9.175237489867245 10.36111453384532 9.54433484566645 7.137513248984062 4.77865388863048 3.0046606135930882 1.3497731979066203 0.13828290690527756 -2.1439988111978843 11.877069304342239 15.785246156261454 16.432173431925637 17.280984808609382 17.590268386258174 17.12884482331763 15.802248583942779 13.878647422872843 11.529993574968625 8.92571286733826 6.27643725656979 3.9179694444657165 1.8986979667117 -0.19117732417221986 -2.065480175166658 -2.5016475188876015 -1.8156786935689047 -0.5721231451939194 -0.08048929096659706 -0.3903902960353609 -0.40977190458161156 1.550953779440004 6.572010670800489 6.2188983907925985 -0.16173472633721042 -3.2216685858593936 -1.5104703371736505 3.160151547275855 5.270995790058539 9.11670177296549 12.060956524123126 11.056982850001125 7.511833671410136 4.325374305812712 2.3400499110535633 0.6309267724598204 -0.6210301382963558 -2.796994700887565 13.145355465501884 17.673972336831085 18.666613381904195 20.30442711125625 21.496095441890326 21.160792901819082 18.94600439068388 15.273749835795362 10.577657674401124 5.426426801750057 0.7739615674774226 -1.4216293825772002 -1.4435783834410192 -2.290440096177031 -4.069776949468811 -4.161134416593079 -1.2437311238964746 1.3929218380927497 0.47071067918350973 0.8616498517535467 0.6830986817244185 1.1484648224163432 6.025780800141327 8.02357989696678 -0.4395616161312923 -3.816665198681702 -1.3507977374868145 3.032399913901113 4.482232169846649 9.90129176340043 13.06101177884154 10.141136444135185 6.457446758580956 3.204752454208936 1.196281927875929 -0.5033124435205669 -1.7477937665046155 -3.725056067419688 14.190144017295989 19.373385533039784 20.941235656597392 24.109955367320584 27.19936710146807 27.35676207236166 23.75415885396769 17.297734233406306 8.897273309106419 -0.4333737075820677 -8.608384134557513 -9.946297118920043 -6.067692340889114 -4.355278405857535 -5.784704117571558 -6.650590728662935 -4.005036331802809 -0.05645833818338133 2.7720183568368912 2.867080519238891 -0.37312441614143166 -0.5274994382373427 3.341205769966134 5.315336732168977 1.458012234085318 -0.15151956592857588 3.876462709972896 3.509711569849649 3.3588786574379617 9.267558025160225 8.613081962709296 7.280137167153542 4.054216659130193 1.5077095073717577 -0.079096747722469 -1.7035838785579642 -2.8789365617872438 -4.575287921741658 14.95859101421265 20.83566518823987 23.32753801311805 29.265460392873575 36.64382155116075 38.995363498952436 32.500784160449214 23.293307584904365 11.48087802357666 -1.9898308576545836 -14.717782842927381 -14.803251555730176 -6.028719966636813 -1.3416205084060464 -2.8698494494278513 -6.216100002218151 -6.224770809062827 -3.854871337745793 2.7656187361762767 -1.3839983711392843 -1.837951554973078 0.5151778611376808 1.6709207221586397 2.755138854265113 1.8414690906366007 -0.8816298288482047 -0.10414175077802314 3.5084690256026376 5.857400210750648 6.414575684152684 7.046311552081357 5.997780052899563 1.7554730066675415 -0.10483415014653348 -1.2072109524093426 -2.7215610701674833 -3.882720603019426 -5.324299518856758 15.32593366124105 21.728495179164995 25.15117753736433 33.99946627433555 47.114240091740996 53.58857938683267 40.959056614664306 30.15240654113101 17.107951522220695 2.875108569481105 -18.161243244370375 -16.084090657488083 -2.3883546505655673 5.476760015526769 5.287670371331542 -1.3867663255438794 -11.627239578410574 -14.70581148000665 -8.58953556973082 -9.175036482219621 -5.279217124937175 -0.7408989991447478 0.9830799042404283 3.3999295474031865 0.4422778064223784 -4.361983620089295 -3.9137672767632963 -1.3890176295445844 2.2100277765575593 4.401304555862413 5.852156843511055 2.445177414708677 0.20624917998165193 -1.1064788419067881 -2.201872316968589 -3.4605250502120133 -4.625281724840267 -5.86133681950786 15.331103247419275 21.635667433757376 24.936513928660784 33.30993024073462 44.143549419665554 48.129817133028894 36.08272999872169 26.08155046858611 18.368712727031756 9.773618466842164 -14.540162692068254 -0.7293549465026442 4.710663177316238 7.4063209942766 8.92546022169306 7.397786345691637 -8.784928194573581 -20.674260422951495 -17.210583818664926 -15.193019637468282 -10.549988918163445 -4.365650139863133 -3.5821577209227895 -2.407369745883805 -0.7386760720850121 -4.127005597144561 -4.562483390651265 -5.377983540439908 -2.0338250775065303 2.91001241034715 6.2441785366051725 4.181938080141944 -1.2967000320045372 -1.9515755591865511 -2.7452224420635076 -3.9277070259971048 -5.05245871195141 -6.0928211154087135 14.971597750481893 20.543892333524592 22.7040752121911 27.42642991769218 32.402686874783036 30.539763143090486 18.47519191584988 13.018463805849027 11.905870004484656 6.409435906779065 -5.150105598239253 -1.7470110315216152 0.39897456034587775 4.239381234997262 3.5864971511901156 7.0188180681019166 -4.38587361709328 -20.43291505144793 -22.591067158091526 -22.23835732157504 -14.394729646255039 -7.111919717310213 -7.505579638548952 -8.232020665487319 -2.589957861456943 -2.837207192260688 -5.025503675156926 -5.327368744262704 -1.9509089595738187 2.0052539463875854 2.718044359471681 1.2054097208256225 0.7516876590787673 -0.4797507282069212 -3.103023396662792 -4.173796146574793 -5.145333128119084 -5.98594311964548 14.229349402395117 18.86649328463821 20.022481063359393 21.994716702899574 22.477593233752994 15.680558230093371 5.156718412715036 -0.9884193472272014 1.5633211816147954 -2.6595050992721143 -10.731176251784177 -14.546741072769574 -10.117766497163899 -4.73998464970986 -2.2612238008813494 2.133993123017984 -4.446896808617771 -15.807672555827997 -21.79219378900188 -21.58534255711214 -14.875606554722133 -10.573480931048804 -11.576319978461225 -9.97169425995754 -4.027315069196356 -1.2679221700206889 -3.6492427088040205 -5.039070581694015 -3.2092156075635545 2.5086256307607653 1.654514921950873 -0.4799718477365539 -0.575414605487511 -5.469152304466497 -4.273343268031185 -4.366102390068291 -4.94689150437723 -5.5566049809922955 13.165963813081335 16.867854076287774 17.500001312181926 18.69613382677859 18.61244038559591 13.360426746708288 3.057588647780814 -8.431923150803058 -11.952883611056366 -15.079068395035804 -20.729489241017514 -22.65732581714521 -16.288169582428175 -14.286464971883651 -12.705681471651433 -9.529742302673988 -16.94298929183984 -22.344999298118175 -22.088920728465677 -16.22976266418561 -11.34337150152682 -9.939164399103579 -8.121043453993416 -8.056984471370559 -3.842694964524878 0.33088733082468 -1.9400540280617193 -3.825300718731632 -2.1400444651315427 2.0918731227206084 7.022370733848869 3.7826070945661314 -4.8376998378674445 -3.42155402715855 -3.875878137295427 -4.357367496433129 -4.482213786215165 -4.892164132870292 11.933773776929328 14.810841219928811 15.206215624054334 16.517427943560843 17.20998163028893 13.98450284325839 5.806840258356896 -5.360585006989424 -15.865472992279285 -22.127639095553498 -25.868339851883164 -27.714639271978744 -24.1551129968899 -19.37797403814353 -16.949181818978715 -18.082012189231918 -23.636745925070084 -20.532893811873983 -17.178426196591634 -14.613662499620473 -13.31331020935858 -13.274236794915012 -10.491965317335632 -9.629958290186433 -5.245377468074532 0.4891869229305577 0.46003405976903333 -1.026868721479648 -2.216664468396246 -2.0417302690998467 2.423699710417594 3.438922554051433 -4.571664361602454 -1.8182797559550363 -1.64738791875981 -3.5826363907003445 -3.753930340450624 -4.203759176961199 10.631073328888231 12.83546116976119 13.157398575602395 14.862627581840373 16.572533377490217 14.732754066121101 7.866383883961559 -2.7025778175769455 -15.794054994268837 -22.637430064304414 -24.084152760918407 -25.217470733872073 -25.54747032284165 -22.231149098804448 -19.771491237009332 -21.096435645525254 -22.980370481049032 -20.512321774942276 -22.34203819842068 -18.679814750043448 -14.251365441220486 -17.88681867352065 -16.477189031195106 -13.015689130092955 -8.61114552799677 -1.861436561340613 3.263110977424469 -0.5649260060326351 -3.1097557568854644 -3.9706284889785373 -4.1564928692396785 2.974215726646747 3.47935770579983 1.7126780410336984 -1.1205014549997352 -2.337324263488482 -2.868746822859109 -3.5532346520189453 9.333817441221402 10.952509801532432 11.118998264455893 12.603643265858668 14.350244469450942 13.49142903435173 7.045244599692842 -2.93645338865993 -16.725682851574735 -20.985946668956505 -19.828625332503726 -21.44773739644552 -22.51182749931153 -22.685135262250725 -22.418129387978844 -22.19104771255014 -23.106059433513252 -24.614790522377614 -28.180964758973936 -27.22690896006441 -23.396383741623694 -20.918524141794077 -17.429066818499376 -12.551233495614786 -9.533359348090837 -3.762677838426254 2.5073842423023556 3.834828942129859 -1.5725979998723931 -4.919228144063405 -7.555959097348932 -1.5513223893606116 3.740353246029712 3.665993496876692 1.645538876939287 -1.2889298759794052 -2.089638206876673 -2.8602945748814848 8.08810899641409 9.200818994697018 9.098675739767845 9.684447131719308 10.31848429163731 9.45483651846379 5.140524307846733 -3.0996576778010176 -12.81857747290314 -17.700164255521972 -18.206334989418753 -19.517667138776346 -21.33509616768113 -21.764276018318263 -20.749761350711584 -21.10326975936075 -22.99481499841026 -27.750628435078813 -32.52061783364101 -33.7837107666398 -31.018649888595206 -23.424637816915823 -17.327188073601416 -12.101364992871508 -7.992120454957598 -2.6957823038048545 4.358329763308903 6.179962407247139 1.0456816875289034 -3.4900583923590323 -6.276795455027971 -4.6123961772868 0.006250354379560458 0.4648939297977446 -0.4143972376570314 -1.3090504518399595 -1.4576130861667207 -2.1429330595202276 6.8854540949034355 7.600759141560051 7.307774923446049 7.160495330116021 6.8346301942949355 5.669165895167016 2.9073422584826147 -2.3873106592326168 -9.061038086549988 -13.569166466660025 -15.277415753883734 -17.048532450677644 -19.15520122889447 -19.790724394841625 -19.26503411889599 -19.82943719594642 -21.875971826877908 -26.598300516765903 -32.09616907064833 -33.35907247152641 -29.660472170313724 -23.451925180248015 -17.028797203914014 -11.778604194925379 -7.773140704702854 -3.116584160844757 1.752402611706843 3.1705009518999603 0.8844320336112138 -1.7767929161216314 -3.3724838012164438 -2.9285828744011235 -0.9144062510975224 0.017316573732411248 -0.2902374052073029 -0.6744163162662089 -0.7685381283915553 -1.491011619235218 5.783697944843826 6.2102349615507375 5.842730587147183 5.3544685039313915 4.602932932674787 3.387925957214495 1.4163255129187324 -1.9525399246319377 -6.291797771932409 -9.850759787544025 -12.299764620977795 -14.627096051489621 -16.90005332406226 -18.405137598245652 -19.231771719239543 -20.202796008083354 -21.660295591762676 -23.906928382885248 -26.18412537213306 -26.176979620247067 -23.521759514984687 -19.536807706423982 -15.064166324244868 -11.079393632860015 -7.783061413610608 -4.378514298324315 -1.1549806046190476 0.4071587773806141 0.26692784984480056 -0.3226012847318784 -0.7265042019316661 -0.436464091985049 0.4131751017149106 0.7992088859525753 0.5547813074330669 0.17620475124642462 -0.04886330532096205 -0.9517663295328743 4.789930380859076 5.00191658523618 4.615626809937763 3.9964416029876793 3.093655796536099 1.9058926060050931 0.33049419741775354 -1.9168562602003667 -4.725282414328331 -7.549360613602315 -10.182849416485253 -12.681130338162854 -14.973607510383474 -16.899709678937306 -18.420046125676752 -19.617903561284248 -20.482333628968508 -20.962570697831243 -20.910298081441663 -19.99078678119819 -18.19051766131229 -15.771410399133615 -12.985504334711214 -10.187628921071928 -7.55601664211985 -5.087516499207061 -2.90944197768287 -1.2983856381567953 -0.27030432075426153 0.4099377207529477 0.8731016434118419 1.236672579963715 1.4977728473047704 1.4771471022697173 1.1960858999547437 0.7871738173683778 0.4779499248383553 -0.518472959442927 4.1779353077486165 4.261686497781759 3.873949199222861 3.2332730682026347 2.3108731593239957 1.1077667586388031 -0.40492313689313414 -2.307167499455926 -4.552127731598756 -6.968037078298078 -9.425891088465848 -11.802841686428131 -13.992248158141898 -15.900808486094942 -17.450490478617578 -18.585456088906508 -19.23608946409829 -19.303603644229675 -18.771012717955827 -17.69177365929009 -16.129628563728204 -14.166635033824402 -11.925947232371453 -9.588911455158813 -7.294843270194534 -5.165636448014187 -3.2830710820653493 -1.688701858946876 -0.4088840424298378 0.5503536919203498 1.2042940397802926 1.6006032756453472 1.7640544653230645 1.6875154166377395 1.42755114390767 1.0379034278851085 0.728162749260989 -0.26334279994091064 2.3329420944630854 2.217738200147071 1.9255695598977722 1.4500881202226434 0.7895843103436083 -0.09204708383379746 -1.1835211203484786 -2.429564220855964 -3.7986774916202988 -5.282935969308059 -6.831557180847276 -8.356080732489705 -9.770916382207536 -10.973173495703941 -11.89848937768856 -12.517072568559522 -12.795431742288104 -12.691482972536718 -12.215974762902462 -11.431828772956157 -10.396576284836586 -9.178447331446204 -7.837173600784872 -6.426794988708227 -5.002593037590548 -3.6221373226703766 -2.3334864706636167 -1.1768162513931597 -0.1888428823418444 0.5917582424793069 1.1547629025751982 1.5202523046807392 1.6987756794624422 1.6863186806232333 1.5255999377436853 1.2576882959661455 1.0425574978200134 0.2769228148240832 -0.7966221284147555 -1.5034972223979692 -1.6954242154760526 -1.9648911724095006 -2.194099795029735 -2.3887658018992073 -2.527042605087462 -2.607909835336066 -2.617319293381233 -2.527235934148252 -2.3366915527737375 -2.068662284356381 -1.743993066072334 -1.382607902167379 -1.0239871060419155 -0.7265813577096935 -0.5521190757617499 -0.6077152847959416 -0.8671862528082083 -1.2125305396529176 -1.381536973992209 -0.6264662154109241 0.7779143717668784 1.44637142921411 1.0135833523516427 -0.1478949804537577 -1.7717490942183634 -3.4743184715343594 -4.983888360702798 -6.0754017221993255 -6.6415846350082735 -6.691013988577088 -6.280658703283773 -5.5404363383591875 -4.616765904446872 -3.5553063083148597 -2.7768833989144857 -0.5790490907252911 -1.6460025563877418 -2.937407249308782 -3.257948120804946 -3.722576817402927 -4.115537744088552 -4.42924996166043 -4.619162854804797 -4.6858722405187825 -4.612622162296351 -4.3765527325272275 -3.9607949711783963 -3.347559228328787 -2.534813484398976 -1.5230044785468657 -0.40966851939910903 0.6115205482091852 1.4085429625673724 1.7537659478662129 1.4450278988706842 1.3694168466916707 1.054571469430194 3.573515969704817 7.282418239239082 9.20302581888603 8.279012336865017 5.133062508515914 0.9594877785658653 -2.4519844167849585 -4.296484850257569 -6.195353874673408 -7.836198057574836 -7.987676241608714 -6.82457674334926 -5.45585012755699 -4.283363299675466 -3.046632066695088 -2.1326792048762226 0.2852878512065694 -1.9287974158078018 -3.386476066440289 -3.702915451998095 -4.051431182458849 -4.228273731978594 -4.418483418962868 -4.633994605916258 -4.871813219150656 -5.001255245471601 -4.670457115338456 -3.8777398767994486 -2.9868930085769225 -2.0666397913910557 -0.9727486914178114 0.2785558742557286 1.5879156864167852 2.681822786103621 3.262036085319074 3.5322802072456723 5.16005117004036 4.830557079679725 7.4244322432414975 10.9271077586822 14.23902715155831 13.271588868607564 7.271873012823203 0.5428528127711413 -3.3646118147222586 -3.3601236752297567 -6.702033153878027 -8.941706699592704 -8.330774481581635 -6.664367151270361 -4.994297643929586 -3.809568872010669 -2.6235385914498215 -1.7420422650568161 0.5752249032215477 -2.382811818529593 -4.091948261953099 -4.264284331218418 -3.773403145257044 -2.6000162620563882 -2.011997427240219 -2.3565225132413006 -3.6124569918424996 -4.981781152755266 -4.175910978189947 -1.3628892472045295 0.6875069582109715 1.3192092943317573 1.3766862000779416 1.4382798336589913 2.2674518518880005 3.4750564942088236 7.0089455136606285 10.757549033877877 11.165644338605714 9.84666362500939 11.106362932736396 15.137636114261198 18.181741364687127 16.526405593327404 8.198097170896647 -1.5005202761224783 -2.50776415147079 -0.9945022599830763 -6.897920889317373 -9.0853368879854 -6.248806293800423 -5.081748134782449 -3.9255149847896917 -2.999239911902954 -1.9766719942137119 -1.2073006599680074 0.9358752505009779 -2.879291977951292 -4.84605048004053 -4.7396836958481385 -2.760799813651433 0.7696274742569034 2.741393315392249 2.2118130410407892 -0.6817783221235069 -4.10951067524619 -2.859380557307894 2.7271691079888045 6.411546769575537 6.457610396135275 4.680934843208653 2.4821628893412537 2.3274259678214935 5.53775432162387 9.998307063717434 14.785026648735183 16.539243405343246 14.718460901979494 15.30598108231638 17.88824427829305 17.640580541086468 15.020313455318494 8.410950567276895 -2.608343268250302 -3.8543566057718666 0.33042879396036456 4.261186254415558 2.5448449355855836 -1.6508484640539498 -2.276771223181646 -2.373504652657208 -1.989490810392883 -1.2710576751082765 -0.7104197461445109 1.1929435662815708 -3.4136881328539137 -5.674262238033912 -5.314169461247894 -1.9249385109917219 4.191629977740681 9.824340956717434 8.156595955258807 2.928037218579512 -2.2558855592403226 -2.4013013228991684 4.764996840858012 11.621386198210093 8.543590644268694 5.600554467440752 2.0906140295426807 0.13000142519577573 -0.5516194790159583 1.2230061569012605 12.710796183213455 16.668406298080654 16.584148884533967 18.177104739952227 19.39270830101878 16.485230497948763 13.026139325817974 7.327840913196343 -1.2780361701896767 -2.5998352482495624 1.3082125696472813 5.589639633197157 3.6649633135146535 0.6091869111243416 0.6149669787792481 0.04674095115087204 -0.6109181651421458 -0.6980476529162921 -0.3673625545552369 1.3311503731014946 -3.9560915817312927 -6.554308598786752 -6.09292099129165 -1.9343810474445784 5.5174219521537715 12.917756413103428 9.416809630930084 4.588941293351089 -0.3398058212271433 -1.4429128601582708 4.347727459068045 12.284363154831876 5.338589915222038 2.5783439492429725 0.5251657457873103 -4.550006224881751 -4.169851740880105 0.15039441456428188 9.505960029155013 11.973834964445235 15.101313923893509 18.256593684567047 18.810457645049883 15.135076141550705 11.88000567039235 7.547647900695163 1.9818234437101896 1.6150654805912084 3.2476339647745736 3.3019392549753035 0.6472453307197132 1.9193965815916085 2.3819091860132247 1.7170215901820745 0.22655984454470998 -0.5251999363398655 -0.3071696117559662 1.3042291765890959 -4.502917979993036 -7.525596326204387 -7.3274643912885455 -3.8823087674676766 1.9585413071491944 3.777947560061454 0.5945492933755737 -0.7151867197521882 -0.10984553615656188 -1.3390404610058624 -6.569316625235302 1.7582248484108556 -5.41879371116144 -6.7489001972063045 0.4601130705601936 -5.73771746562959 1.8936505676311624 4.23336811446673 10.25223755803702 15.048274305604181 16.127205713380583 15.823671564174504 15.31662404702114 15.44660815673615 11.176674242750808 7.185475871732323 5.073007277966659 5.328184431811328 3.650573536737375 -0.17556395886452372 -4.904243335116547 -2.156824919979277 1.1847282721588137 0.7774507566982101 -0.6037861422722155 -1.1639401651184127 -0.7106398109558074 1.0876633384728442 -5.034823273075541 -8.538545935400965 -8.904034069353255 -7.3923736079122895 -4.424427141913262 -2.312875040581809 -6.526777913992014 -11.483683747689078 -1.3192716973361673 0.42929233445014015 -2.3422626334228145 1.7240039229241693 -15.361983034726338 -23.506798524468216 -6.754878310369584 -2.859014267697828 1.6876060759100115 8.815093841084712 15.873744066083445 18.617872967056567 19.214253115829326 15.349157868238759 11.588631056644944 12.05255159112524 10.2839843429984 9.463483153096405 6.74868784018413 3.615029371394862 -0.5645912672825592 -6.015546405982606 -10.132335809220503 -7.8786958906831215 -2.8411789422875136 -2.889757301143301 -2.7115045960815305 -2.423947831381072 -1.5044374833502325 0.6701293030753288 -5.527376403049288 -9.461531818570029 -10.303903554276463 -10.396974934284657 -10.211594413877053 -12.42454796314037 -17.534893774067047 -21.266644922642083 -17.72095864832552 -3.271921321757877 5.454676934474447 0.5879878437577947 -15.92091629838106 -20.701308520604517 -3.1263986678645277 6.462647785519199 5.013558797460288 13.121419774336534 17.346397041699504 16.638471106355095 15.321383487505107 12.0191877252522 6.595059333364882 7.481245770311037 9.821856095564023 8.380061526793346 4.139058244452646 -0.8175494058174573 -7.280964091194371 -14.846735341405886 -15.14524840142605 -10.304463172368374 -8.38157220573678 -4.761326305030808 -3.8364556145419293 -3.313434237591331 -2.2878004646439987 0.03659447067823072 -5.944502881961531 -10.201657136504409 -11.30843933572504 -12.205973296033818 -13.318858601218231 -18.934395335920794 -27.144322355127738 -27.92891764404103 -20.9411805068225 -5.58703799369698 8.076779858941473 9.506978196482041 6.199869252585237 4.156608407312236 5.271717674450335 5.969215245410871 6.517025886064581 7.671985110258276 13.885251168224851 11.36471745809211 8.776564165688475 7.299870919842458 2.2903304154995645 6.958545664147061 8.302999408750324 3.2853094366251243 -0.3875779570496367 -7.072166171899503 -13.055334873422447 -16.632068904647735 -13.724804115764814 -3.2793877377082645 -5.1018405478578766 -7.973443027474069 -4.798370227875724 -3.7606554420970357 -2.987012908107193 -0.737854666518476 -6.228927915489227 -10.669262347560677 -11.883569788754548 -13.104994407996212 -14.494007498943875 -19.42576791942191 -25.623981411820985 -25.836901221390058 -19.472568696861455 -4.747958847521086 6.845364811273842 12.376368251039818 9.969943614593983 5.865895287295318 3.826852492992686 7.498561903056931 9.300417181398599 7.25618643743255 12.457845017604898 11.954515713071672 9.620903682692838 10.314051030100048 3.350489986052874 9.292219587978972 11.157105363169416 3.228151104533555 -1.215664758013481 -4.395439991021573 -8.884338438969262 -10.673770363333343 -9.320383529509687 -5.19182022482743 -3.424838908676309 -3.9146812365616013 -4.271254901710421 -4.567446544079267 -3.8291132411216227 -1.459998372737318 -6.3546025284916725 -10.822840534773844 -12.017720243014535 -13.229994812567865 -14.247408975859136 -17.211541293950233 -20.850387577754933 -20.529483870609056 -16.65042309823229 -7.514971490619235 -1.9365182394749927 -0.21409992474222217 1.7566406188751418 5.372394254759417 6.779479947512856 10.596593849890269 17.049453619955013 18.699919564687757 15.708989692354006 11.905389625551866 6.9518865147060644 7.7226810833975925 8.438922067455378 14.147821473778766 11.8161204944747 10.26054127946938 5.646814726005844 5.112613184483997 -1.6098270028969184 -3.280007930728558 -2.477486233861557 -3.1068052260518124 -3.448956208416224 -2.311600652514304 -4.432438748153473 -5.872435622270821 -4.814534539528406 -2.045068130321 -6.319175129607492 -10.662515028610533 -11.766092249194154 -12.82604086958408 -13.384251973700366 -14.692347779061402 -16.55147855501128 -17.08261340227197 -15.726067638347843 -10.818611197867483 -6.797146376923014 -4.336678792942518 -1.4553273496122843 2.8424541296709815 8.213692591245426 14.79055314617 23.68733087916273 25.95038218940752 20.37356147608434 15.840355852642436 7.35869565705899 4.942561554708665 12.045453207711924 17.44053084256454 12.904519418962932 10.254501483957302 8.303805615300742 10.481677838896161 11.110144479669332 12.812800921816573 7.737564952204533 1.0969286147144863 -4.078049175494351 -9.45954968101173 -9.950514889297587 -7.737576705952831 -5.838575342893116 -2.481453392441995 -6.1263421137223 -10.21298288557013 -11.193192854808478 -12.08556078426997 -12.353794324970442 -13.046638145887538 -13.996980375592834 -14.208872537946677 -13.213986723780247 -10.003813180091102 -6.540639865329308 -3.2432490976272117 -0.8831878484708533 3.5583416767649894 9.177916363646384 16.74462855980643 25.94917605988909 30.14561533592073 27.65148213327122 21.483323517842756 12.794167659004973 10.998326812979947 14.090811346830764 15.032522775647006 11.63528670724882 9.571462415054421 8.21458802226385 11.498257968187426 17.75947783744708 18.380900232508743 9.087040184935448 -0.6002016564177719 -7.633630304376127 -13.860584820460227 -12.745631649637394 -9.149507367933968 -6.620673737126708 -2.7727451175492694 -5.775573691477211 -9.51314486568449 -10.372685067885403 -11.181022050219637 -11.374771626461484 -11.635865444838238 -11.685196995972314 -11.149339222373163 -10.38121686381069 -8.489750499156527 -5.422874650011844 -2.307761667612853 0.39450750354274955 4.338585100516557 9.525074618248214 16.67899946869063 24.129801709222797 27.882615522028413 26.606839129691444 21.157394769026528 14.233660690077752 11.601849734529848 13.184847611390246 13.028461373152632 10.453316670409913 8.544544234348075 8.419745423317393 11.29196489340838 15.526899086182992 14.68088488857651 7.728283825286052 -0.6705930712212932 -7.913965911155642 -11.7175446303033 -11.07559639861736 -8.654459603659697 -6.46726657512288 -2.963612113806254 -5.323434856019095 -8.674453967508548 -9.433545440556934 -10.25217686092552 -10.548842929498884 -10.476072365521784 -10.014114281716928 -9.308222017366411 -8.281498481613555 -6.452945615201734 -3.8705645411171106 -1.1667202461374422 1.591436923072188 4.85731458628302 8.742967619375305 13.376052492714804 17.96113169261337 20.38511205283754 20.0815884356377 17.533039744188557 13.895529525287863 11.903535887714964 11.73867054844374 10.89731338982105 8.999580735533037 7.2882479093985255 6.3323256542717985 6.819017736135969 7.908765872599549 6.5858907463271175 2.5579221891376998 -2.077417801994546 -6.053908762682749 -7.992489628517332 -7.798332283908993 -6.631633052125909 -5.488928481326166 -3.0686431329869204 -4.790004577662094 -7.734310364584615 -8.395114816990272 -9.19210163571352 -9.577519948070059 -9.511496733753965 -8.943575633913932 -8.046511956895428 -6.805771887554467 -5.016447039761633 -2.7279887619066665 -0.24531918669836258 2.3146503753709915 4.9799358481841285 7.696231671543809 10.433624929590456 12.890660720236497 14.374302227702415 14.68755064333395 13.979758365271016 12.597668815594677 11.339909104471003 10.359509486172632 9.185651419437686 7.7407462509012905 6.187240510243594 4.6665128125292865 3.4612700447344853 2.4467106697531436 0.9717712943300154 -0.9905849474669528 -2.9373102500567545 -4.529550812152818 -5.345503524186431 -5.384727438885212 -4.9854556270068855 -4.586730285618671 -3.0159954516599967 -4.43684606393099 -7.121867752894728 -7.7191121114650665 -8.476341907020823 -8.892414612687176 -8.899467216293225 -8.421369789280782 -7.563628321176238 -6.32480531615622 -4.607744095360512 -2.4672273568050334 -0.10365394948527946 2.351348028988356 4.798978383603871 7.132384738670526 9.263465420310471 11.032220745084075 12.156525627164156 12.564034607127809 12.348825753310189 11.645462640216014 10.71577376539778 9.664502776155876 8.46347427487326 7.12435162234253 5.650394672248717 4.096503335485734 2.5941172933650845 1.1701606629139405 -0.26504580240075687 -1.6767207586552542 -2.930138090520003 -3.9117437798925967 -4.452549335552853 -4.571058619390541 -4.39376843046844 -4.2035080485028224 -2.9322570762536717 -2.8381726813348234 -4.493757032799999 -4.846789792442445 -5.303931166080376 -5.558695129236565 -5.569064476427705 -5.269859283119438 -4.676006457870452 -3.7869666893028744 -2.5937146935231494 -1.1464913011785614 0.4440428196713057 2.078277351459269 3.6444056336224846 5.057618093655081 6.254661542487721 7.178895046446449 7.771334293959612 8.028579390215793 8.008060897783315 7.745238346308606 7.270214627039445 6.611407477055913 5.79178331478592 4.843924786696554 3.8091165352090735 2.7264847175179026 1.6334581878014347 0.5747304692765192 -0.39271519028149887 -1.2324034688429333 -1.9259588325350965 -2.45126707162254 -2.7721420654497897 -2.9067051607621837 -2.880648164815685 -2.831801073036918 -2.1136953100426377)
(UseCyclicTransform "false")
(UseDirectionCosines "true")
