(BSplineTransformSplineOrder 3)
(CompressResultImage "false")
(DefaultPixelValue 0)
(Direction 1 0 0 1)
(FinalBSplineInterpolationOrder 3)
(FixedImageDimension 2)
(FixedInternalImagePixelType "float")
(GridDirection 1 0 0 1)
(GridIndex 0 0)
(GridOrigin -107.50156696203629 -117.10153508324169)
(GridSize 37 30)
(GridSpacing 80.18639120379999 80.30410596665524)
(HowToCombineTransforms "Compose")
(Index 0 0)
(InitialTransformParameterFileName "")
(MovingImageDimension 2)
(MovingInternalImagePixelType "float")
(NumberOfParameters 2220)
(Origin 0 0)
(ResampleInterpolator "FinalBSplineInterpolator")
(Resampler "DefaultResampler")
(ResultImageFormat "tif")
(ResultImagePixelType "unsigned short")
(Size 2676 2096)
(Spacing 1 1)
(Transform "RecursiveBSplineTransform")
(TransformParameters -0.11221993363474614 -0.6012394061377425 -0.8657294897233143 -1.1998993365358168 -1.5441021146729828 -1.895989123301961 -2.227806310655675 -2.525248235286117 -2.7721871704497065 -2.9718429609722796 -3.127315214821483 -3.2778569060610323 -3.4627056224005575 -3.698401078780118 -4.001508688828241 -4.408002170691652 -4.953808349053235 -5.594047166251895 -6.283866846570732 -6.884151923477614 -7.255773430152286 -7.3915208991090555 -7.284213862723884 -7.053811791869237 -6.820262714764872 -6.615080103626738 -6.469796994563497 -6.383749773171018 -6.356251126585478 -6.373302909535854 -6.420400989045144 -6.341211750781175 -5.9716254424344335 -5.371453579562616 -4.492948940371043 -3.6362579060396945 -1.6031396056955678 -0.0846710632081371 -0.945302512910656 -1.4569988974442438 -2.104059674072965 -2.7531776706977085 -3.346278711805426 -3.780892553518983 -4.010981908656959 -3.9874630529002353 -3.7825331663497543 -3.468293017583968 -3.2182403416298535 -3.205674022482061 -3.521739572647092 -4.2563550074380085 -5.367281875216252 -6.812946845149593 -8.521766879834644 -10.422287936493932 -12.209312644335688 -13.577374742042501 -14.439343151636471 -14.708520306178496 -14.476401382362388 -13.834162726088495 -12.9704933613962 -12.073271020725791 -11.47419503251156 -11.505587375867178 -11.935275287101595 -12.529906733576588 -12.70606019777167 -11.864676228013563 -10.383120733783276 -8.429036216864965 -6.614089439758268 -2.626229156928634 -0.0475278845481068 -1.0344076663572326 -1.6530274291284814 -2.4371114773582914 -3.2185641068345343 -3.8804965079387412 -4.254462915227981 -4.280298087972593 -3.9360301110950298 -3.358185282087099 -2.692315326641397 -2.1446516597841194 -1.8462522368700482 -2.1424133068693196 -3.1601023695942545 -4.68971436343884 -6.619767395819878 -8.890914570434461 -11.445744600693027 -13.929254726290806 -15.986356469070683 -17.43896247137203 -18.136181157047545 -18.009532300056012 -16.961159002378864 -15.544730930918872 -14.05742320588441 -13.010801027037319 -13.140744558986574 -14.042650854458484 -15.198053985778794 -15.73353586102023 -14.624227791199532 -12.575539429521166 -10.062252695447386 -7.799885419530057 -2.973059141831508 0.07981902773499608 -1.0127518558151358 -1.807400781187057 -2.8550081348004674 -3.7034229723869703 -4.741887298028563 -5.593347222235735 -4.914330854647342 -3.8314382264675864 -2.419872350858309 -2.232549868500108 -1.8530964995169923 0.8390635661860482 0.3393394309407514 -2.023341691014011 -4.032369727952808 -6.3929447627229345 -9.289755532284488 -12.565619129424988 -15.820502447540276 -18.414657379007522 -20.936541265631366 -23.82344024708693 -25.378618147294787 -20.920934200657783 -18.57130627757979 -16.512985412553586 -15.06203107166147 -12.364882167000033 -14.812080550383007 -19.28732977273696 -20.6349058601068 -18.19500635487575 -15.298684829289163 -12.063960146108487 -9.254129065210105 -3.410543758515414 0.3426269482903852 -0.712368953137217 -1.7376428994567594 -3.060587549534155 -3.337788367025278 -4.173351829338299 -6.298192658369473 -6.183532774727204 -4.630711621575847 -1.3357240488645747 -1.6396354396032429 -1.6744307642686271 0.1392163643492977 0.8576014261502046 -1.2815438848947143 -2.803975897418403 -5.574995781246351 -9.218293029162028 -13.075619024816737 -16.671946860161366 -18.732905014608768 -22.859835918948935 -29.706310653108886 -34.89880075129636 -24.287224911483847 -18.42811370964827 -16.36787028474586 -15.476521951829604 -8.675652524982816 -14.533884356074443 -26.330533984665216 -28.376500566561155 -21.005914349515105 -17.248275143320743 -13.466345567554939 -10.269983514664563 -3.7223290319028 0.8191959416892789 0.052373156860108266 -0.5344492956986994 -1.1818725778669628 -2.326457634647368 -2.0211148090835485 -2.857708003684457 -4.3813548055346825 -3.197877708705683 -2.3062452023531548 -1.90740267684152 0.6181187377783126 0.38300233621532936 -0.15658177845420984 -0.9303555225833559 -0.7089206893591463 -4.06732831262235 -8.473887905237463 -12.463567637072272 -16.329269347072845 -20.18617097334527 -24.566715044274765 -29.788840046630064 -33.44712665143371 -25.00142413500844 -19.471147608140882 -20.3267958185492 -16.552536574811516 -16.643698494450295 -20.12377662448237 -24.23953516989881 -26.973214639117995 -21.35534340037175 -17.63466591061228 -13.805465906153103 -10.54818338245195 -3.846068729203494 1.4781116670245842 1.4056976388911557 2.29427627789727 2.163280681574022 0.08713158462926697 1.3856530746091056 0.9764397800577796 -0.38042146521403586 -0.7861318153767164 -2.7328120732949808 -4.386127703189355 2.4938847135433893 0.024122993205475517 -0.7123179932229876 -2.0696545848361745 -2.5984716675629667 -3.3176161310516887 -7.198701448610513 -10.604271043092409 -14.971357228400969 -18.658822862076665 -23.305642009892722 -31.087712745434764 -33.20614532953857 -24.904647176318278 -21.794883317490598 -24.902824400125365 -19.10677884088867 -18.07220338179875 -18.99381813957988 -20.294560678154276 -21.189428713621446 -19.225649677388915 -16.353442362664495 -12.995256353510143 -10.023655200583127 -3.760849483172268 2.1717169474666904 2.407057830111399 3.125159733621676 3.3481658815771302 1.816079092531722 2.6080436535903324 0.6554861209725534 -0.33276000508699444 0.33865027933126846 0.03979340318440295 -1.9068219970258011 0.8685987197630004 -6.662688120017345 -3.208371286672387 -2.6549684417552837 -2.664387029320081 -3.0237013925789484 -6.079370909179032 -8.648007441838834 -11.519191323719584 -14.396412079971126 -19.22555942421803 -28.390562813837565 -29.198616315659798 -22.063211522518024 -17.659307041853985 -18.810439644967268 -17.44657613911858 -16.319330863023605 -16.60049802901904 -17.318931672600993 -17.55615613865193 -16.379243576506724 -14.301954734097354 -11.577629340629016 -9.054685066268325 -3.5525483374860736 2.8152657571416895 3.0780277385887658 1.67571680699021 3.048688391386287 3.4373460368624973 2.807343363615863 1.4665002656400432 2.0230298430520453 0.7716036793173969 0.0016017581723670072 0.1766665446895917 1.1078699151392275 -5.9063559936472645 -8.132387948187725 -3.5794676889803676 -3.27564122031754 -3.5501914751175945 -4.964828506801028 -7.138626705411152 -8.612355993004105 -11.360557316084474 -15.563375098915936 -12.040746732524621 -9.26610857980068 -17.81420932755781 -12.748164773649998 -11.049776018633438 -12.038134285424704 -12.710162871154733 -13.273753135907851 -13.934830072174242 -14.178363963921598 -13.43556323581759 -11.991232076830581 -9.89679650322775 -7.876825802948587 -3.279373579511763 3.3487391504423925 3.4267700976315036 2.002992929427485 1.7396600671089475 1.1185609672219956 -0.21491918366530202 1.971584955100085 5.0712764901242275 4.715523378251159 1.1206908109642872 -2.2975196873852997 -5.4829048674230085 -9.267197463788017 -11.161336094169608 -3.92432788167867 -3.664665401358859 -3.4762042549994567 -4.288691855398001 -6.692519150879529 -7.471530416994151 -7.910194395949368 -11.626813453321938 1.669476516396867 -3.054120328956019 -12.14013713508927 -6.62134817147628 -7.177272399733676 -8.965740697358994 -9.642607940722538 -10.421868485378035 -11.063193538053387 -11.313649437022613 -10.87193320416138 -9.889507239511085 -8.32527443258173 -6.759146555109017 -3.0093525428244847 3.711510582353217 3.283172739599223 1.6676676633435503 3.391891871337301 2.7899697947772895 2.44301948946288 3.8973039708188626 2.736876071772024 5.486642929327703 4.187930730811476 -1.7316275424380874 -7.336457251265412 -5.31806770581142 -4.24154307626319 -1.187546708237979 -0.04675188197004157 -2.5034119549150633 -4.167216633138804 -7.0348374152680755 -9.056076452702378 -11.116412031931409 -15.005041791619382 -5.079721148306135 -3.3639561060391356 -1.7113200746637962 -3.0222054301009056 -6.190317015374301 -7.591534213802542 -7.962311850161887 -8.529832652353297 -8.992708548874168 -9.18072433196728 -8.879738791067286 -8.180516639628657 -7.013391215756862 -5.815113344675871 -2.7797556734847104 3.8502382370570727 4.161652938355143 3.913018170879685 3.3427870395226815 3.7517508723533837 5.028071646014037 7.244891333242364 5.137977257365515 6.759187634973307 5.982654215975364 2.198383453431415 0.3027229170542747 -1.493259467915619 -2.506470833266422 -2.80299191122875 -2.4101256589512174 -2.3114524997460877 -3.444307733984641 -7.506894817342821 -11.855145858870006 -15.477905255876959 -21.35885259535833 -16.591722571508765 -16.419798467120415 -3.258185200293552 0.36310419545517986 -7.575818504449721 -7.516895277287561 -7.304733804227182 -7.357797142108002 -7.492581862335915 -7.522668011348842 -7.252759838775419 -6.731920280686882 -5.8842636486204585 -5.003471109108788 -2.5986127245626727 3.67678089299298 3.9450067475305444 5.475349418915462 3.7831206453271977 2.3020702649595575 -1.3823445114303279 4.827707966113462 9.298893084777694 13.06060637405693 9.673341146278048 5.94512985627456 3.451486947481809 0.5457206380848166 -0.770509864990589 -4.181916198781964 -4.861773283456237 -3.955158112180854 -3.760673373340913 -7.550584843242614 -11.916326795609345 -13.497775445216577 -10.639703634140709 -7.8476649614289045 -28.79929130534176 -29.654599515268174 -9.560027592706508 -9.354716213162748 -8.372500373469052 -7.321512280083431 -6.769444932486933 -6.470448840193469 -6.2471982394511025 -5.917673104795089 -5.500163505467556 -4.918077960187746 -4.319944963744285 -2.4795179854108014 3.0011673154375154 3.1257499345478554 6.010587728907825 4.009990917170142 -0.38879700755808233 -2.6413259179754696 5.500478866503731 14.046621673005596 14.165172238678736 10.29966911483344 7.634144220629729 4.617221171446408 2.472183450943688 1.0363136540787503 -1.2612471839505317 -3.9565402475517737 -4.204239823052855 -3.544822906907192 -6.964385967353436 -10.258753982388132 -9.491716418947087 -6.7817161139935545 -13.894074945077664 -24.42827050765431 -22.153084019102483 -11.636169811781297 -10.566599635958863 -9.044089148642321 -7.672546525745543 -6.636510251896651 -5.873827436285195 -5.299321228365026 -4.806260166355478 -4.412674450919646 -4.061289344656781 -3.735700712075048 -2.433258153486735 1.9557971561977394 1.2345097597010979 2.2189827136844356 -1.206938169547545 -3.2834204078720655 0.4868934277122975 6.78035334017735 11.769967232935157 12.5914574851229 10.131716024472425 7.676898050383586 4.9823793932050355 2.5597339810492064 -0.4324216248498045 -2.510161349069482 -4.1552696057524035 -4.375979101228234 -2.5996503926764407 -4.995111082801345 -11.09135156034176 -5.234609617860642 -1.4116236047178294 -12.3617603508211 2.015217724131896 3.7638944953645126 -8.578666078502518 -9.771371142838555 -9.289178983813486 -8.17077927004799 -6.714070111273352 -5.537604304189458 -4.643453212863813 -3.949917985194699 -3.5370917515085467 -3.38199311520464 -3.3033101524537902 -2.4736117263003545 0.9999740838247315 -0.6277927668922627 -2.8309651497866146 -7.767021109335426 -4.94712062732221 -1.3019712694532206 4.495333768843475 8.979962146483777 8.714817263921043 7.1001995519495775 7.384456199109983 5.810280142569038 2.8600119367819765 -0.11219074260360881 -2.686117162695304 -3.715462794776661 -3.651855870776657 -4.758674760601985 -6.752742416612335 -7.234960091047948 -7.8239920704579475 -0.4985207112597017 0.5373809837062902 19.954702453517804 12.851094365674221 -7.815062539751118 -9.750039323358015 -9.857336946069598 -8.728867376509212 -6.881172419117999 -5.417546119233514 -4.28891184560794 -3.4919655024052005 -3.0862849198135986 -3.0719251647339774 -3.1582773175188708 -2.617524729885486 0.4792381563995942 -1.0431912056709742 -2.9728426427610604 -6.7751184346401 -4.253419597406128 -2.7569809631292617 0.09331663375233856 4.645889867831396 3.6004330523031176 4.478581768503615 6.414976410664208 5.093299917020008 3.0506652142299813 1.0391493316089564 -1.9344279690166144 -2.4729877324692775 -2.4206614969755686 -4.548978035599924 -5.247011116289503 -2.6843773911441184 -4.777469770624352 5.34709835089142 3.5141832183430664 1.9777149943443884 -6.854181445227976 -12.36569877802777 -11.66107356411103 -11.227146070985471 -8.838738237374322 -6.598233944859292 -5.184351825480193 -4.194434164496937 -3.5300140810158536 -3.2250012195243287 -3.2817139272289406 -3.4080502608292016 -2.8786429470959507 0.8644170649093937 0.4012159093752415 -0.3010487166147872 -3.4800212561479933 -1.2293939378453564 -1.38188373555987 -0.4631107239969145 0.7236091416722427 2.1328763393601697 3.6865085773219826 2.1421373829481256 1.240928529909895 1.4610327196198623 -0.5000302287696615 -3.7195909806658687 -3.6261121635765714 -3.3281932462411965 -2.6482970276533817 -0.8240200259338646 3.64782751895779 3.92566288102993 6.893937824626193 1.7752656216035363 -0.9925637103145173 -5.235189636525973 -11.118597797059405 -10.963724483959862 -14.147023284666334 -9.3305296727792 -4.134893153100473 -4.140295979915799 -4.1511652998846795 -4.125224470383164 -4.158100580907712 -4.219662361482062 -4.203693307544959 -3.2812157521910974 2.0546020143261567 3.2416762283964005 4.010928314321051 2.147388875472442 2.310154107291078 4.74321554545586 2.1727259648910158 0.166272002064781 -1.6870005671332833 -0.6224635489389067 -3.4563477246313368 -4.427560045194394 -4.135062499076057 -5.182224508826066 -5.190931355852931 -2.939821411186075 -0.9771372097911938 1.9224649944474979 5.929431128431641 7.043245993596153 10.26298593396852 2.809361614178655 3.7601898790617656 13.778120138408356 13.406014186488402 -3.3212591891831997 -3.8880837268805934 -0.5192919141288287 2.519825407721292 4.83707872111304 -1.5447111129544675 -4.4563064172999685 -5.41496053311024 -5.897965558907962 -5.8526080613604865 -5.509640161160492 -3.8001085307107734 3.3479143714988586 6.0696098914254835 6.969416199331686 9.309528376484758 8.589178714089645 8.781975383115944 8.089491791294737 0.989603401863873 -6.862720249396348 -4.349756278053316 -5.760887705164721 -7.23518866720778 -8.874975663420852 -9.800601535367045 -6.753663416131144 -2.7521025628478912 0.5073754591075383 7.651729938915661 11.556233889816173 7.2418201865009975 13.754107349974207 13.222524393967504 20.725416906454534 18.784331108303846 6.544442892032689 -3.0410065732384783 -0.7209340335820084 5.611890933203725 2.766552472223441 2.7903669990029587 0.5079072193439226 -5.895207862748164 -7.726758110499896 -8.29991443113901 -7.912880225664547 -7.106707292003281 -4.360319511174564 4.279022471020504 8.174212636020602 8.18774553342513 10.118638519726387 11.114551919475499 9.050689100972622 11.532388787495439 6.087736481638185 -6.374965059244663 -5.532715858655341 -7.095938226060789 -9.852409206903237 -11.150167617402579 -9.80861556138954 -7.331196219472251 -5.357209955639478 -0.9565143468643188 5.463150597220527 10.74749152860397 8.71567792745239 10.286608003005734 13.26373264458408 14.277427250628168 11.271237941078478 -0.4596395113653691 -3.843055806428151 2.4220040120983817 7.493861030289175 -0.604808823678122 -2.446282826839945 -1.3768214998733075 -8.886204088330286 -10.953273486113739 -11.134006903811699 -10.169493227063121 -8.81111902596962 -4.898936039569338 4.319201178451102 8.848650332633573 10.382716783885352 9.98742443494144 9.778368725684643 10.226112726137943 9.001893508037067 4.171806121688303 -3.648183096868739 -5.732566066479929 -6.788951039032884 -10.461937960407452 -12.014462176142615 -9.471902139074832 -6.930551682587149 -2.444394508143176 1.7201517272773543 4.794789687816278 8.366557747154783 5.7190109482958125 7.7823797453542145 9.832592116762083 4.4605841617824895 6.464758554343339 -5.340723693966358 -7.8582767917419165 2.6861967941453595 7.591519385314022 -1.895921041803946 -11.387061046363531 -12.127872390354295 -14.581770326396988 -14.649856419275059 -14.067117934050419 -12.368027893441358 -10.421905720098776 -5.345055050247759 3.4568882170417314 7.3887089946406075 8.464056690867949 8.20414104706117 8.035253975945329 11.84081010114822 11.262804955777947 6.534145660672773 2.740967798656101 -2.1140785854334028 -3.187931853330639 -8.024126651799929 -11.162109196423026 -10.05054775791545 -8.660043807088247 -1.1849746119726792 3.025064195880409 2.454792563185635 4.356361596282577 5.383583758227329 -0.0369250279252719 0.5572335694258632 5.423426738583139 4.160865103714206 -4.758240948662011 -0.12364780232477587 10.832218164677625 5.8187496823896625 -14.807944811537563 -21.715615233348856 -21.980011349067727 -20.020013036119316 -18.147508040385944 -16.69166895565391 -14.248845399436664 -11.7548005335063 -5.653930719738066 2.217500630001062 5.440306795262693 6.013605532223486 6.8420084033280055 7.2426924247892 10.480015695583202 11.676479167288273 10.289586827705023 5.037931498831945 1.2206366946242218 -1.485849492779991 -6.12311715843986 -6.778786706910884 -5.845740434383994 -4.727221610435338 -3.9217763366350105 0.9475025422615283 3.354899219640589 2.1471298557821084 1.074329894616679 -3.551015051827529 -4.587894571526495 0.2738017692583257 1.7559745422698672 2.364038757727447 6.4854571373134995 12.555282645125253 8.52058944753934 -12.715387319693571 -18.587543560203432 -22.418601136094644 -21.91190023781646 -20.296917848674063 -18.44125172795927 -15.529486930041434 -12.632703272649874 -5.806628245896367 0.9585854209259994 3.743338597853535 5.308884574721229 6.833120942506161 7.373246985067154 11.074024732218357 12.090488601098622 11.773880672883946 11.055570171191112 8.93448855694051 4.327338803045962 -2.4282660633305513 -1.9406881204430948 -2.592551996491473 -3.346242323654068 -2.9771187148075264 -0.025995229875453836 3.1456500716654996 -0.3881467365373173 -0.8028488350202624 -2.462664972737337 -5.864706475858566 -2.272145276597282 -0.4012892718316621 4.541220472278387 7.77398175290968 6.320352684127709 2.08071434725288 -12.088487274002304 -19.171925841053753 -21.082909898935043 -21.479378787311177 -20.685698502863943 -18.97605228502268 -15.962507276471223 -12.888733317247155 -5.775328918798709 0.0991402416918842 2.3201969546628813 4.322951581119314 6.664121657191737 8.902083426248925 11.26074378767844 10.180631563462484 11.2541741198861 13.511629034796876 9.873213352181592 4.154508307595027 -2.3904355602041956 -2.288938091747835 -2.0594553694540507 -2.5905732075857166 -0.890303142877135 -0.10056356321119563 1.4708023668347072 -0.32921615925550346 -0.47231772266301375 -0.1209176794547848 -3.6113898834219076 -0.8812266171478197 1.537659531329608 2.994571642940858 3.2460070228547755 1.0060533364486328 -3.7832868811428133 -10.36872900302924 -16.08922581333734 -18.840031173441265 -19.711370129533936 -19.397567527432933 -17.98443947919094 -15.186073084185374 -12.261295769958195 -5.500680584589113 -0.2544509074371583 1.3581144486462506 2.777609212104114 4.610384099512336 6.585744753965467 8.421661074348028 9.026732064687623 9.6838739932603 10.311841773531222 6.696046445675476 4.027329349788317 0.44720849047996675 -1.0337611971927994 -0.5712924407990951 -0.20788942826146858 0.6255193698265888 1.0136585890672447 1.0346710179313925 0.4536417325865112 -0.40248342302979767 -0.8847590532174779 -1.2897785759930454 0.07495006067146104 1.2436847091476024 1.581631574505473 0.9243519029060443 -1.251665624876926 -4.647123004772183 -8.93338905165613 -12.959523869174653 -15.572653518532427 -16.839595104733608 -16.828776331562427 -15.716197908172424 -13.37006062681815 -10.880167669075112 -5.02936071888175 -0.29844986595950773 0.7998333259502305 1.7539066163042498 3.0619494373086655 4.476474491321158 5.881460335088787 7.060592009457241 7.744181123126389 7.602126107512425 6.350887661453113 4.2076353427356095 1.8463131077067887 0.36433759662630627 -0.09774983946782098 0.2549686557221917 0.8464314450086589 1.1665630160265825 1.1312229794144195 0.5786799712908443 -0.07746858985117765 -0.3564669405016795 -0.10647903659969904 0.7149186745986348 1.4106242946199001 1.291771581247084 0.2751563291034748 -1.72482272888126 -4.340028977676789 -7.2012606114059174 -9.908551597967932 -12.06054443808541 -13.362128257978691 -13.505555744290442 -12.710215621545588 -10.949898866603542 -9.050615558612973 -4.418345107531636 -0.19472553453273556 0.5858768674454219 1.2736876618968689 2.242378730570886 3.330596622107525 4.450322635726474 5.4750130153639995 6.1139364149007065 6.0734706950316895 5.328249863438717 3.853226013362489 2.275371690519862 1.2218352474657446 0.7347608777876085 0.8556693837833199 1.1992296783321854 1.3801340989916828 1.3332774692983207 0.9938712225182132 0.6568889372661538 0.617339478923698 0.873932755608763 1.4251279814747688 1.774995067198485 1.428360801464806 0.37094838040552125 -1.4116039431623109 -3.5810564395407822 -5.7992655348452296 -7.863104088609039 -9.56819858369148 -10.646008794346942 -10.813942701222944 -10.26249519702652 -8.989112243020479 -7.586227686715984 -3.958275652306696 0.008302402728813552 0.25421064477092786 0.4817711347702351 0.8266044625984427 1.2569832443471625 1.7320245680362496 2.1988304679489525 2.527060286527437 2.585526697081907 2.3996511764940105 1.994788111798308 1.5268840482514952 1.1518672607547507 0.90200110886842 0.8095393694069197 0.8017685365083332 0.8059886011442078 0.8112438656940791 0.8065695817999518 0.8357758682016333 0.9426735722940234 1.0806523588789034 1.203110902095171 1.1559335543984688 0.7850063477569057 0.09861451478663244 -0.8949558486806998 -2.01849603435215 -3.0947629690161316 -4.0378593877715 -4.761430779485565 -5.199260535307366 -5.278754071030594 -5.091146046364614 -4.638892022235822 -4.110582247573059 -2.458210609778215 1.0354750214984867 1.5714557083581207 1.7156739413653073 1.975748398090227 2.4551411713751605 3.173290604960069 4.120617509455204 5.291203020686985 6.677060768604047 8.15227980365036 9.590779759536082 10.659826888924758 11.026727889667143 10.72392724479567 9.783853680736389 8.66729908944081 7.835015115531774 7.472955696458563 7.7671033911397656 8.777254467985841 10.563195728345185 12.990341263329 15.92412213378802 18.984775033217893 21.79252024242604 24.109415810659993 25.69756703259277 26.266216846786886 25.524580506844682 23.606384191860936 20.644437428249827 17.185683064074144 13.763331028866103 10.721851768294748 8.21500457382889 6.391445983346512 2.743117180979111 1.3320205414239514 1.724013865511254 1.7329233312251129 1.856101751598922 2.284508033877943 3.1006648768884153 4.365031263754807 6.097672426132306 8.317014352901545 10.803979504789309 13.33921551064273 15.159933090165206 15.502960260580819 14.677937132138075 12.995880986466375 11.229945014032209 10.15370534434834 9.955793398220166 10.824911868957726 12.797663220652597 15.91060470365419 20.100995266351763 25.306382188389794 30.93786465299395 36.40635586962828 40.99356143529516 43.98069044902647 45.044155899674045 43.862406754201885 40.666966843780095 35.6852970053279 29.807214598460295 23.899941590529227 18.532601839930035 13.937511288963215 10.53829685788325 4.056206043041338 1.2064571424138284 1.3247444985520143 1.2173536722861644 1.1914896124693644 1.4359850206998295 2.0864878606587225 3.2137384100798023 4.931039367093827 7.340934298045003 10.223535946304464 13.307390356967101 15.689900222299306 15.817570894015073 14.31314903725108 12.32270479966066 10.499768471736923 9.59654708607856 9.728495781779438 11.004082917252743 13.403906701025779 16.91793109010033 21.61239962300294 27.570028877320983 34.31054084402798 41.003089214658544 46.676716573259576 50.059114620634816 50.874982242755564 48.73261893954853 45.698809358422814 40.361263407609094 33.78195871041907 27.26723747438566 21.220147496135034 15.91121631236734 11.928763597400065 4.410119636338185 0.9733715530825444 0.7930237987380936 0.7310681403984058 0.813461217294134 0.9708180314354626 1.4590456393840538 1.9383471395506753 3.2057972905043037 6.145835416902226 10.110937651602041 15.75651288966032 23.05160214121054 21.576648633986025 14.612984469114211 11.6699988012772 10.206863031444424 9.074282328520834 9.35215273188992 11.18309424755641 14.078823789958493 18.00179645454928 23.18898000039182 29.6729235968584 39.13428828982595 48.20692510677361 55.45433197266141 57.71433954755104 56.0486561791099 51.648058732731066 52.329831311262744 46.05962641371147 38.06321390021435 31.342497299800165 24.442122699243 18.280518437869155 13.615587159226147 4.865702041246604 0.5532930257729516 0.12453052460179449 0.21569578324170793 -0.027924451299458333 1.3433922622134375 1.3745398545446514 0.33129431191094616 1.6852741410503616 3.6557252158490514 7.073147606605961 11.360284362220115 18.472883355698492 15.430996036308692 11.217918918885886 11.09903826272315 9.367413342379232 8.248660764895085 8.702898866925786 10.844147152240046 14.143786951170462 17.834144077984753 23.242918533912356 29.048766547492864 37.02944618647098 46.15497230240925 52.73235268860675 51.87528968705533 51.612684235313644 61.501891647670234 60.111507308701846 50.09082379395306 41.29381782490245 33.756406234206075 26.38348386926691 19.73525298455199 14.67126731540039 5.167257737016037 -0.1497270380090911 -1.159983744263005 -1.1356584402335579 -2.4222523260277598 -0.5815063749076465 0.557585126256386 -2.7183103213441124 -1.0302778857904968 0.42438836965444815 5.132984246942513 6.391121761733386 6.338429561999809 2.3569132739297425 7.460073876251849 9.184229287698054 5.594247675716803 7.004505395887252 8.654788442037509 10.519905545432238 13.99026982350241 18.10011380286007 22.799564092772577 28.12070696471409 33.394551662770105 40.025532059028556 44.36270592291957 47.21300791231129 49.993673307223325 58.31527051915497 58.65631167099425 49.897357807744505 40.37658885538067 33.39016081846116 26.28960866833952 19.774402374996654 14.761905414361305 5.258621113524027 -1.0312623651953363 -3.239669801945547 -3.9115030981731578 -3.9790887081121507 -2.9829600021484506 -0.6330199813347372 0.6631745943848614 -0.21968336619106182 2.5833083417842078 6.820214748541944 5.797151764337737 3.123890392034615 4.793857775295169 9.055749544366327 6.987471631518278 7.0814168150563335 8.29764598278782 8.33257381472288 10.285170262426412 13.199037562609355 16.42372780817444 20.628561475378483 26.80162629400403 29.02018009682827 34.41814916816683 37.631829419288195 39.87744230754386 43.61615892172104 46.91842619828072 47.1278813082046 42.77408131678059 36.31073475705895 30.128546156932895 24.02704821053747 18.29948573098809 13.81368728840787 5.115628378640983 -1.7607996624386462 -4.676710751384735 -5.467717383072921 -7.032278576382025 -7.362482439769822 -4.360279321989696 -0.5161870738214228 1.4132043642486 2.082943861705559 6.344192774760941 6.217287755462489 4.073450950268496 10.11937976887728 9.675260654727634 6.839842459430098 7.708250344559192 9.163704569098433 7.265035723320539 8.810949326091244 10.395820466247265 13.151030064368777 17.476061951899037 24.975714118673395 25.660615166654445 28.69213454538822 27.575960228816136 30.087439102534827 34.06968190526918 36.249620604021764 36.31904534986519 33.89164552474134 29.88286470314701 25.26032953693466 20.57005443308855 15.979463988971164 12.27790308842279 4.830753969530142 -2.0927845429936736 -5.118978935909562 -3.71832437064391 -6.90540267681327 -7.9199468694103325 -3.6616740136480486 0.9191988237092399 2.4944893794561698 3.3031139254103903 7.255969462655679 10.027628023723828 10.232820031878754 8.505587465849578 8.004407424497595 8.477578808684589 6.0910085963618465 5.196376688135434 5.611275488073317 6.478076245435147 8.398451491577028 10.579247732935869 13.020958237669017 13.478279287839937 14.825076400232476 18.824133822221008 16.97620902014903 19.434660977800128 24.023378808080015 25.700779489017403 25.883548059282678 24.749715725401682 22.610087311199127 19.752590983185193 16.604679135041646 13.277284081812615 10.462128313397708 4.462452930458379 -1.6956785853064362 -4.366064969751936 -4.23964845597712 -6.029422224163641 -5.163637330494516 -1.2555583210522232 0.7406818871745795 3.0353988029506267 4.723409749074507 8.499923294566445 10.08236338907457 9.977238092295613 11.42447682834032 9.503175280263857 8.07431297869221 4.493994385013145 3.0192237826685018 2.8500793543127436 2.9412948764597266 3.0483841249614536 3.301776504561209 6.89548071330786 4.645399908086432 5.435600451220077 12.730371424632997 12.603139434038143 14.796154226500889 14.559336195511916 16.173225323557528 16.82595549886403 16.84779948524211 16.190616809272562 14.789933036648856 12.95156975425981 10.736033472393373 8.722816705540694 4.07127977933002 -0.6242849014022629 -2.1251778604079794 -1.9551048091722405 -3.3114203976298313 -3.352648434608206 -0.13557973895278305 2.681265898039349 3.642248735787081 2.412666797220149 8.162746982540758 7.298416637316317 5.953133750415667 16.182612115008894 11.7338535066289 7.038903471149202 2.172529528178047 0.672072728438336 -0.72817374797938 -2.1642743136954383 -3.9744803476278387 -6.926628461598786 -5.941389944347743 0.2866718237600212 5.872825907101858 -4.853733031024179 -4.831607729537832 4.2268523284464505 6.225520513443744 8.357621849229949 9.786068339921892 10.781747322029334 11.170110642100026 10.818406186207923 9.948299654214441 8.596849949770759 7.229879562472057 3.7030953444152384 0.687181851407404 -0.2017366864476753 -1.5043846890136665 -1.184741138740432 2.986161870956308 6.333838788170971 4.643690083863627 8.582228840891997 7.091421032027198 7.9223995331051125 9.420112919794649 6.803208491454221 10.400738467928178 9.552391733533511 5.548073563052951 1.7875516486048386 -1.1143365330622808 -4.639450567151218 -7.229105445673491 -9.888624009867103 -11.628169096005852 -16.85274741815882 -13.925094650639636 0.3362369085116158 -9.808288287652077 -10.741533063340311 -3.9350113542730356 -0.7375554093716283 1.9580553446348496 4.1780859256803735 5.948427823516999 7.125557538481147 7.577241543334743 7.463336414427009 6.808397463583186 5.9736240774917215 3.3899669427999295 1.9083242740050022 1.7732168910690191 0.7117924248803041 0.8912672847565395 3.5220209312225257 2.134886005292772 7.071883193763549 12.292801363581388 11.120087708063984 8.22915965232319 9.593614726618428 9.535433939300528 9.346615910879724 9.227811374197264 4.857364906984058 0.8700868260909247 -3.0287517902396677 -7.840039179931531 -12.017347825162389 -14.91718469831922 -16.24750487803594 -17.7416450767908 -20.21771398789724 -15.837413789319706 -13.530315655764204 -12.322062958380368 -9.238230327528273 -6.149757932725062 -3.0855213957354506 -0.3191941950518514 2.0440867695795566 3.8561537206768137 4.959144654013843 5.461832348039922 5.377395905868503 4.979042959154653 3.164815582902199 2.6113325424359948 3.3849945919701785 4.788986376751739 5.4463909982209255 1.2280063335902607 -2.0985645681839307 9.81258082965438 11.563845741708656 8.623951946109834 7.519287299637224 7.5407166298802615 6.574263280027768 4.143956588799589 5.136780395361647 3.157842151211836 0.3637716534312054 -4.827275356805875 -10.598669669441342 -16.274151605377583 -18.776932870895013 -17.301923277522153 -19.512543979709555 -28.263010228174544 -22.469319747672355 -16.084563608329915 -14.755095251138888 -13.418828965496662 -10.52122716681722 -7.351859100122782 -4.259704630579082 -1.3792870796754817 1.052880900284727 2.7850710040124693 3.8684492224919573 4.291325806738648 4.264767990304123 3.065340338318332 2.7223329712729933 4.00606250977754 5.3140212370966164 4.999268863475011 5.293222777209663 6.221834112623729 10.234435888646697 13.587158981485857 9.841915302156863 7.356187353996342 6.447877033693942 2.6266844929935016 -1.6760770230158235 -3.909439361907491 -3.83712346054124 -1.6400915184694227 -6.387269254750769 -12.426109378920659 -12.995783985438354 -11.387322377594044 -14.238322260476577 -19.649581510857967 -19.23493517775012 -18.525811759399918 -20.25689822597939 -18.479826409521653 -16.51797340384119 -13.790814614189232 -10.768178597037016 -7.534989048258176 -4.247986108741667 -1.2334256215331534 1.0714683291786216 2.6817240189938585 3.5456380849995193 3.83059956055166 3.1013730474050267 2.516483292839182 3.877691166705204 3.5609446185086866 2.7784688682025216 5.2671433590262655 7.420124569843278 8.758292580704675 9.945211679628597 6.678230563372419 2.7634275679121063 1.8984634759995713 -1.658341547704003 -5.3133202467556195 -8.428930823932113 -8.51061657526517 -6.683946350810292 -7.9246116553222965 -11.823057095025677 -10.047834447274312 -9.703707017181703 -14.45906859115467 -17.459158672980635 -12.233161936771143 -7.625775226383638 -15.673638485241339 -18.402880002888985 -17.402663343881446 -15.069966727608078 -12.372703739149909 -9.239322307936991 -5.8489572843409725 -2.5913922366498827 0.029725696844821518 1.967586012639313 3.1395381243565352 3.655746842591906 3.2548633856868396 2.1882061923856755 3.5207091656283835 3.4487675687696315 4.856414758655761 5.062353028743742 7.170477231469875 8.012279001400747 5.904904058719208 3.951058425003229 -1.0534698859851799 -1.9630500482240654 -5.227208864724127 -7.82188112630839 -9.723344426448968 -10.011121346725341 -10.29397735403088 -12.720151904546158 -12.663637077272542 -6.128673441025981 -9.588145347155237 -8.984576362018293 -9.330097290651743 -9.155300881495725 -7.035003600753034 -8.570255428848395 -16.10642682752869 -13.78828261459997 -14.133534971613711 -11.43327224533176 -8.812378410378406 -5.744228307667683 -2.7086099756587907 -0.18315894602408772 1.7690136435790982 3.066290843392574 3.7215554353382427 3.512471694042758 1.9909343296625877 3.3687212406211606 3.6005037305277576 4.28048555810399 5.4842044662765055 7.9064292201744 7.81673044960248 5.365365644108738 3.4411485106056947 -2.1713908865594367 -5.0151101373707965 -7.9761084934867 -11.152525415864075 -13.056720616010727 -12.576122454134675 -12.410285252467206 -15.767647284999661 -13.938040227137048 -6.413711228395683 -6.126121903960972 -5.794594794552222 -2.8787977752190512 -8.255728540943647 -5.240114942464863 -8.816793024832679 -17.625124843220075 -11.527986578058659 -5.109262069185825 -5.159017175545149 -6.570019101965815 -3.245831316311392 -1.0593202270264324 0.7123707294282852 2.17909596817102 3.335392027972118 4.016665013130415 3.863857718535927 1.9992403045084732 3.4815371441831977 3.5270945950928985 3.330563006761528 8.052702426880963 7.474607869212026 5.487405096906845 3.596733182399265 0.5560261792149226 -4.660859164298853 -9.472618544761632 -11.943204304889413 -14.332248669979787 -15.2808380394134 -13.957261931678008 -14.32752946635158 -14.00568150509204 -12.509244477403639 -7.572410027811498 -9.852151495684417 -11.612149104338496 -5.3152123274180205 -5.486551667088663 -1.3202232202978905 -7.569911714500995 -8.348724959505342 -4.044918575013348 1.2139647794567259 -2.4263852234499184 -5.913880889436028 0.2541286163657247 1.9997388514222085 2.507412977848616 3.087304409765678 3.881557026864342 4.490850570131033 4.27743811502778 2.1312102246788376 3.6830567572425306 2.85190935796304 1.0377583911754147 2.512646938350695 1.6856174251888485 1.420220213683397 0.32294184891445427 -4.0654224434653985 -12.917796456183815 -14.14816817102406 -14.772951760262847 -15.537311964813739 -15.500598210645405 -13.503549621178667 -13.84259357237831 -9.105420122718801 -8.539487695479707 -8.262160762441164 -9.750750990057064 -8.472928161242773 -7.544873708236658 -7.6180630847060575 -0.823821753427754 -5.269170811785977 -4.0730521627945055 5.282885035305 11.349048435661436 11.113226415127732 7.9232198297412575 5.777766008939012 5.161397769948114 4.475764588989176 4.1726180985480905 4.565543819614752 5.054767123751774 4.699554655095536 2.2846308867831064 4.254404522253073 4.690647156211423 2.852251293298496 1.3350296788892633 0.6123645742877724 -3.555800422602029 -7.377113769294707 -7.852033843090414 -15.725625373333617 -17.068975784481445 -16.94047895711349 -16.73926209471685 -16.051531963894774 -12.004263565215865 -11.581701840968666 -8.835316477656757 -7.012367110597633 -10.01386514827832 -9.333674912391968 -9.794970178152072 -6.908568383162464 -11.518667922341972 -3.70593561770729 3.173510394534799 -0.19742296652613997 5.127967981675046 11.859334181003563 17.579261738557552 15.469676860071358 12.547780673874318 8.007095596409028 6.160487715158442 5.204898974627682 5.268680255937789 5.629080720931329 5.081897427670134 2.25281082445698 4.302148189131116 5.5435365012623965 4.5660979653944915 2.000761090366721 0.3387596182129881 -3.204259523401099 -9.741160146989305 -14.25019320478245 -19.49752785703328 -20.51466300890066 -18.283331235682937 -15.491893208606678 -11.193200548622194 -9.135997991770575 -9.210959331643346 -9.099646252760753 -9.787933586674551 -12.621248566798336 -10.476021897706259 -12.16891611545936 -13.99643624820352 -15.744678165824945 -10.66374814630129 -1.4064926417538421 0.09193789809451329 6.99312472980997 12.193620666456058 14.438374377367435 10.840392169184986 9.806941340033465 9.162649448122291 7.155153306670587 5.9452331147394455 5.852583999449569 6.1235117022280505 5.36842947536662 1.9952076520801094 3.663383210437166 4.830780450757133 5.1007584553816 3.944440384431293 -0.4193236291942472 -5.315276389096632 -7.220190785692874 -11.50496997845432 -20.049508514399513 -22.10335320595814 -18.42896115877086 -16.178811876448197 -9.644191396382313 -8.351136272056028 -8.380371932539722 -11.575244278867954 -13.622325617032821 -14.392727268595106 -14.407965808373055 -11.394923158926819 -15.849220765814154 -29.998450025615305 -38.69126509405992 -32.788295736023976 -10.894768533936354 9.599414483913915 27.721896651518996 26.238041908706347 12.239900747436042 8.653380091218473 8.902996905602537 7.400416698530308 6.32840268470979 6.258217961248764 6.488122903216767 5.530502419721355 1.6109771820353789 2.456916498431247 2.8273172746001896 3.8676664212726055 4.279824201661931 -0.5141399969520069 -5.844756902776377 -6.877147434708488 -10.695861991060195 -14.912505868790033 -16.164975672007838 -15.938403861050036 -15.881768425957272 -13.623164803370333 -11.925666974835654 -12.73322405393345 -15.615558006046735 -16.6077664048512 -17.43613022979012 -21.630572445946246 -21.375872999005857 -22.993748789087977 -27.55382861473675 -35.877610139431454 -33.66499492296891 -20.00592727585448 -4.737070474288884 15.961127935269623 13.339012420217202 11.374534476233714 11.155507158103866 8.585636594876728 7.226786839190079 6.478856384149511 6.508681088028587 6.714490435587323 5.567140797063652 1.1608080212826344 1.1732425388067353 0.500190579324613 -0.3365141357482404 -1.3007583718341411 -5.775383938546375 -9.28186153402237 -8.35764432762094 -10.804110980847424 -12.62848674256426 -13.757861021896415 -14.835226675330636 -15.164951198800532 -15.418914777540882 -13.63087593557094 -14.2822747738323 -17.4420238313871 -20.227864117679726 -20.547094308803185 -24.337197901391168 -28.417375086348645 -27.423525957787323 -25.822624964137002 -31.69867962317292 -29.562372850991178 -25.999655697483295 -17.074440600414103 -3.858123225088984 -5.00907731434511 2.2443851091301297 7.368520472212669 7.21037025602291 6.807854811865193 6.4491136569767304 6.596591750864145 6.776958630842371 5.467059204524642 0.7037652955423508 0.13178755491636648 -0.3726177365683005 -1.6674669075676916 -3.444422300993166 -7.150797847831574 -10.604900177233791 -13.450966774429103 -14.133427013339453 -13.43586242321445 -13.844501098511977 -15.973906205433156 -16.174898301450945 -17.824369948717514 -16.447671612821978 -17.6334083956748 -21.213339195606252 -23.322235997224347 -23.88804533000493 -25.69030890348246 -33.44048258500858 -32.67549168570558 -29.655128528477025 -30.627821261247178 -28.14548083299179 -23.05382975948151 -16.838411036237826 -9.28592715418488 -3.387144736957821 1.533280085942283 4.610452231981154 5.929282372000659 6.262279028053381 6.254621604324178 6.481959422301413 6.615353147656748 5.194456048689442 0.2814516647395916 -0.7810591034029349 -1.4571497077894713 -2.8401674406563107 -4.655092304239727 -6.649994335572076 -9.016612273570555 -12.223732240824432 -13.382043856839784 -12.284856980137477 -12.093718374703165 -14.933514830482707 -14.861804834228924 -14.916139755420325 -15.184947548157542 -17.908800530182923 -19.986402906839746 -21.17048843670812 -22.340248072090723 -25.03456512912634 -28.724495175853857 -29.840590146681393 -28.86955615303138 -27.66895467804004 -24.861329896626867 -20.38998280857022 -14.588045851527477 -8.50477368226989 -3.1267688345025566 1.0952303742362586 3.7024300267138988 5.1069964819735105 5.708223780348602 5.954870968743097 6.204688337456275 6.268583805055718 4.789306174955222 -0.09580088780092344 -1.5107694950727226 -2.3659786761461907 -3.6618614483308227 -5.366948957405003 -7.3176973099949345 -9.367682620621942 -11.2045937483825 -12.43177627216901 -12.989199634960993 -13.532903225586084 -14.402200664925711 -14.69845373395184 -14.99219293757362 -15.940295767063025 -17.438480608743653 -18.636032369644784 -19.724780580769536 -20.83462582601579 -22.230498386131174 -23.35079991565311 -23.819824936583174 -23.365407591003066 -21.865429212178924 -19.188353324315386 -15.467357518154545 -10.839387484771278 -6.0949840563266715 -2.0175861457335214 1.164307992173875 3.225517563553023 4.458121897268264 5.148893321197398 5.531322815483073 5.753786460933596 5.742252184762818 4.2668057530741095 -0.37028390297976604 -2.0114554609784983 -2.9404251897536096 -4.233514070496344 -5.784122411244963 -7.519694009205397 -9.282881723011867 -10.87566962935881 -12.093388332882471 -13.036075586468957 -13.804074384099515 -14.434171718290399 -14.9624644199807 -15.563784120720701 -16.413102571164448 -17.30615561550233 -18.038575084366588 -18.623689135190425 -19.074547545685643 -19.345499378371102 -19.391737567867217 -19.031891065396742 -18.084281795688042 -16.487901713719726 -14.181196848986916 -11.26426369176583 -7.837042652399394 -4.368346483584123 -1.3276492341748254 1.14629611275791 2.9142220951922346 4.104817021086616 4.8408644895379185 5.266482500466786 5.443168573638428 5.3690816399446994 3.893733087552722 -0.5730601792443283 -1.9279822014143824 -2.6309965484928854 -3.532461495578282 -4.498972893785133 -5.518412960043923 -6.508002640836983 -7.445475634791712 -8.303526215965784 -9.06763148694843 -9.722894757767078 -10.310099664988213 -10.869982500807659 -11.382939767871756 -11.8293490315405 -12.115958296198134 -12.149563991728344 -11.920598204945986 -11.41942552289868 -10.692389469878103 -9.785957447143408 -8.74231589818665 -7.6037137758383775 -6.399338741894183 -5.158295199533139 -3.910733363076045 -2.6868405171465484 -1.4950736911104594 -0.34390447846780825 0.7380948952607079 1.7220597252542733 2.525278548555016 3.061041969300041 3.3720281542872077 3.445196209847676 3.338424778574776 2.333492083724576)
(UseCyclicTransform "false")
(UseDirectionCosines "true")
