(BSplineTransformSplineOrder 3)
(CompressResultImage "false")
(DefaultPixelValue 0)
(Direction 1 0 0 1)
(FinalBSplineInterpolationOrder 3)
(FixedImageDimension 2)
(FixedInternalImagePixelType "float")
(GridDirection 1 0 0 1)
(GridIndex 0 0)
(GridOrigin -120.4733192579088 -107.32528889062904)
(GridSize 32 23)
(GridSpacing 80.38961220891436 80.80332953669496)
(HowToCombineTransforms "Compose")
(Index 0 0)
(InitialTransformParameterFileName "")
(MovingImageDimension 2)
(MovingInternalImagePixelType "float")
(NumberOfParameters 1472)
(Origin 0 0)
(ResampleInterpolator "FinalBSplineInterpolator")
(Resampler "DefaultResampler")
(ResultImageFormat "tif")
(ResultImagePixelType "unsigned short")
(Size 2241 1563)
(Spacing 1 1)
(Transform "RecursiveBSplineTransform")
(TransformParameters 0.5641835489444689 0.5440442192809658 0.3417469538274264 -0.10064219662013049 -0.8649528698851844 -2.025677396746877 -3.677237745606255 -5.96920436509134 -8.911172462941847 -12.413675145173915 -16.287586507929007 -20.204872427671823 -23.887017965049058 -27.0801870321755 -29.48028760596138 -30.67861835433733 -30.49054917611809 -28.887514210688742 -25.99328811585454 -22.137414787688073 -17.601576988794356 -12.661129686659033 -7.646323528798077 -2.9909777538506397 1.0559454035296008 4.374072063696803 6.9513268509105215 8.926416903649496 10.403041511276179 11.45391859975886 12.206451783661334 11.339624488638295 1.3675231464732263 1.6352361611922717 1.4818505167460068 1.1192332264327423 0.4232006349207051 -0.6808741591937442 -2.2889342971555635 -4.531356875344546 -7.4186783064934865 -10.87390433187069 -14.733438047001691 -18.716550864907763 -22.56767013771312 -26.046947475779394 -28.83176146051613 -30.45599032790443 -30.69508814732796 -29.499296369992603 -26.928883688349686 -23.20260780502879 -18.535252435438892 -13.130665444875183 -7.390546333645159 -2.000124314375582 2.6726436283854382 6.475082770794406 9.371470364273314 11.494278854706478 12.988231180649699 14.024846232004698 14.78896986452692 13.737430675898382 1.6912966177549347 2.076474825433366 1.9524025451217544 1.6451154695565007 1.021058162776799 0.012241799419469887 -1.4665137279164675 -3.5169797731437997 -6.146573149195522 -9.293587732261813 -12.824985705402346 -16.516545439888173 -20.16043984870889 -23.572819548090347 -26.43002542918061 -28.218752478889098 -28.699507871602552 -27.85767671005455 -25.729547062659766 -22.495759785863996 -18.261358950811616 -13.028940824238385 -7.211542579903649 -1.672928594395031 3.1585448549545707 7.133226535116411 10.15110854343733 12.252435779570552 13.580107797455137 14.476106202955064 15.178141912912011 14.064835302278123 2.085504928177124 2.599319075381069 2.5076683769843284 2.266794596175796 1.7372724026037807 0.8626251511315369 -0.4266695780767827 -2.1970568460985613 -4.450933970498584 -7.147568725764329 -10.188628650944128 -13.391647456819747 -16.62578553316143 -19.854807564579076 -22.77200752882008 -24.72247656452734 -25.417893236451224 -25.010429468463155 -23.574828413456366 -21.183298447450642 -17.642653093108876 -12.39868051214421 -6.277883537252466 -0.15522782555869952 4.602260813942241 8.7753737382063 12.057919116843163 13.609228013251354 14.063331753476502 14.670923210382723 15.287742534026513 14.155772952692596 2.5064459114392186 3.129015487893136 3.060458587159271 2.877368284540668 2.439912576472713 1.7031804003369593 0.6079965503996141 -0.8545540540286584 -2.6820641832176606 -4.878934115534219 -7.389170310553334 -10.05707435568122 -12.715331451794038 -15.555574870837102 -18.508439754568098 -21.080779191792868 -22.149528383692818 -19.61720454573099 -18.639325005351033 -17.834156398859008 -15.668048733227321 -4.951680495437155 1.6826616062389188 3.6421644362215018 3.6501174403537213 5.516442144453933 11.355499611919631 14.139135192748167 13.401928435929475 14.4451997156727 15.05018408618136 14.00050959290653 2.9679916486249733 3.669241782799505 3.6059816469349277 3.4580403806485647 3.091065781817681 2.44681203110881 1.4445877596001495 0.3890192804818004 -0.615399568507995 -2.139344050639469 -4.366850154242042 -8.324198118474468 -10.638715092898309 -10.822283322158603 -13.17174249693818 -18.40765019082811 -21.16101991343212 -17.345430173455316 -13.820315570662528 -17.62570963284861 -12.963767225629342 0.2589208082470422 -1.6251582128892983 3.699679965116279 5.355329335882658 4.228292829301914 9.024072204334928 12.650856230554911 12.521889330286161 13.996913064578665 14.570586224606455 13.700176434220747 3.4413915076583965 4.165735428677102 4.079618205746965 3.9285003144501762 3.5795849488471165 2.909107665998671 0.5577127625931095 -0.14683956554076866 3.593522984590119 1.4439984103516648 1.5865478834589857 -3.5293190165774546 -7.093644545584074 -2.6433012730975025 -9.666186894807199 -19.325632621420947 -14.653665545245497 -14.968297839402888 -14.778296957583974 -19.962022604010563 -12.843894237997771 -3.3154545756610845 -11.06752881011867 0.5121933473336573 11.666766345872068 0.646244156419623 10.18625722325937 12.122570302390965 12.571775020629513 13.37017756840611 13.812948401388297 13.223579474099914 3.9264135072840776 4.6245781906725085 4.4911443250755525 4.305065427462473 3.941373339080285 3.081685352445721 -1.356306769470386 -4.169664983427209 2.5492991915111896 -0.7402935411641998 -0.9485375973459205 0.8399931236675404 -2.6933597683212236 2.0739088155855154 -8.65114803859105 -20.32710058744647 1.7373149627520663 10.048689220838265 0.42845116642165615 0.4518690836335478 -0.0305389096134749 0.8647508641817296 -7.097775544041131 4.03104636593801 22.380833061057412 -4.508656534707963 1.965346022445903 5.547288307708745 11.395568553736226 12.144023761764196 12.829220757142894 12.617643912574339 4.419766684940031 5.0478587015561125 4.846169074286626 4.598328892031629 4.222762462489997 3.5543612450182644 1.2746744341639198 1.229762789307004 2.4282912160799515 -2.161601281403409 -3.462701314726607 -2.7008380364632303 -7.652153944772678 4.663792655704687 -9.901636709000684 -10.923694207142725 9.000566347004636 -4.761374427217402 -15.718232351521154 -4.374279368710069 4.508599155835623 8.918184550739136 -3.721761996761209 9.168390698348183 14.741913222409085 -4.186673952045728 -3.3564327102900355 1.151811936517781 9.027470611719957 11.170192720627997 11.659282958823296 11.919717004799553 4.9115062223558485 5.429092447867297 5.140597708485654 4.807638653223571 4.393038406281902 3.95665317289468 2.3869101409502664 2.2955888230424444 1.9458721555674232 -0.2236682486762498 -1.7708243202539171 -4.899682774443467 -3.184069291458089 8.440565051510832 -0.8167809761855556 -14.404361928356638 -8.419386240049072 2.0300628384515913 1.9701629312396896 7.318146685576153 5.594061887686103 1.5327378091469905 -8.420541163121543 -4.133805574696328 1.6807688084209622 -5.329338485831608 3.217076788501005 6.144118821018905 10.327018556389394 10.84677139744112 10.375166446290466 11.133482796613553 5.391476796825995 5.761364569318581 5.370078992186849 4.933150502824208 4.450852291626795 3.9190468816238746 2.132338190095823 2.3384443292482913 3.2609229217631137 2.5950817545609213 -1.6124923656923127 -4.06170752419013 0.6181926015302636 -1.6120193464750545 -0.9318326335871029 -4.88119226283981 -1.3741853665572448 -2.385928914976088 -0.9649981914591783 3.5732143456010994 0.30895492456520274 4.799214408116243 -5.33931234344864 -4.411070718215586 -3.326124427774231 -10.616326222637438 -3.0111003193989268 0.13192878706103636 5.619291197741271 8.490513507441827 9.035395104821438 10.26202117709642 5.853891344005967 6.076157550862796 5.583941917839644 5.043576564155172 4.497970699282712 3.9312032151754606 3.1169059468531533 2.160718801812407 1.3985946746412559 3.4877665112933744 0.17091762159988988 -0.18286751187094838 -1.9029026629067898 -4.8074238156920055 7.319355563741003 -3.2299105733769933 -0.35494149378157347 5.462321982397227 0.7342754520414829 -5.056378470472414 2.19578396202047 9.264019990183922 -5.09561633749627 -8.619119030413527 -1.775845975900785 -11.782121497274108 -8.820536181001994 3.170159366928081 5.672845267628103 6.705273165855801 7.724803407384488 9.286537199275116 6.292954689868226 6.40469706922943 5.830727446786471 5.210986102232084 4.611505847240439 3.9890141072249192 3.442190018316507 0.8543189117341464 -2.2347305496439893 -1.151099745807316 -2.698940222844821 1.5889706009190747 4.47214854976033 -0.11653560843406433 0.7891214098451004 -20.57028372082939 -3.7971394836283032 12.93676925583404 -5.906158101704746 -10.754213172044526 -1.4975326092471304 -2.0860577379558594 4.741750867377999 0.4816692959512245 -0.9276005282346778 -18.410716246624734 -3.1449501190364844 8.489598805567972 4.765481548220496 5.476938983285104 6.5314203237331006 8.188276858739275 6.701260538762704 6.776136435473896 6.159074035795271 5.512364125879793 4.906311096986568 4.237987367260027 3.1355571859301143 0.37928862670705576 1.5929354662978137 5.807034200649676 -0.5653332181129188 -2.409806172761164 4.882482721288918 1.9119806454688468 -5.4107579392913 -8.586036299779805 -9.746056226185072 6.98384984707656 3.118312355354713 -2.483936848687393 0.5472251157123719 -7.421031072610222 -1.4725565615532605 -1.4819672551211531 -5.773451194607605 -16.48860833141967 -3.4392810725247718 11.970141345164182 4.159750726284784 4.315866845071148 5.2762511169089965 6.9544007908646135 7.07137482756001 7.21959548106132 6.616883453531265 6.02032430512716 5.501359803834783 4.9671168211762105 3.9903189487502764 0.28265237828042056 5.367044504183275 11.333100039340533 1.4396962070048687 -9.282112698892377 -2.03661119656337 -3.440822635014602 -14.616588677464714 -2.965483625409178 -9.538778580088131 1.4359574024230743 13.403935077339725 10.72872591570897 5.50627106832215 5.835548679773264 -0.9951152424662606 -8.796214911475104 -18.111985674330967 -7.341001893870994 6.132742261587465 12.652473168009813 2.9314570217966747 2.8925170593311487 3.7781298554171556 5.5718722908817 7.40962886505729 7.731861676482198 7.193886613423311 6.713191783062743 6.3634620296012825 6.186091100431938 6.800258029096032 8.82170566400923 7.548225884950029 5.080244148014418 0.40135765642149634 -9.31442887526314 -9.29895217816291 -7.0864862486114255 -3.6321480481206954 -2.364550919048425 -5.62512899113636 -5.745197199685391 -9.336609320413885 -5.168796823550608 -10.154963462284368 -0.40059613901576013 -5.638686202986743 -10.23218682178469 -9.504254052459004 -1.503995806560244 11.101214607140502 8.701844002685052 1.0897919515242254 1.278902585050695 2.178156243701443 4.159009031508173 7.721944735771467 8.30933430897456 7.877865139868891 7.566335516602604 7.442916188650282 7.68340273076121 9.274684441578827 12.957786399333967 6.218821048595109 5.47533998914648 2.2178677746433775 7.121852631904907 9.406179874963517 12.72255966585598 1.035636872834397 -2.3335628105799198 1.2632741457899472 2.166956834146108 -9.094158477112007 -3.1964634444567936 -28.408239765503797 -12.949908185469933 -10.532254805792748 -12.061710004090848 2.6424748792881623 -0.5542458696826928 -10.13247409880456 -18.261510967378342 -3.0584381525892557 -0.4192333947863377 0.6164624179121211 2.8339784319616084 7.998900873633508 8.933610251453425 8.641515538700215 8.533685150067189 8.636139614091872 9.18217020517443 10.954025086484425 13.912220444909059 8.187113600419208 10.286450981399586 2.336783810291744 10.84803020862721 23.116307073088556 12.320323223197457 -2.701594167429687 3.3965981180641145 -2.283362642342163 13.156432172775034 7.68198796613343 -1.2797053668202516 -11.384805521904745 -2.179836433428497 -12.599906959908013 -7.72825280242799 7.987285694423248 13.441356311249658 -4.259734371950334 -19.476779338311946 -4.7752920247974755 -1.6111360683871088 -0.5667071536374105 1.6931887290003362 8.225425338842568 9.581499484775966 9.453541452381096 9.562320715739622 9.84485743242708 10.499647470503835 12.334689133819067 18.847232501064884 11.290422666246979 10.084618760457872 3.7275982571757815 1.6781676640529266 10.05708580441329 -0.1393818116856516 -4.154980306721383 2.291113113818859 6.3383456022078555 13.421190367561943 6.8204815570889865 -2.7859833313428077 -3.2483386090234867 -1.593783920943965 0.24354913518539636 4.6389946183777395 3.4431555206809685 7.8026469224319035 -1.2096961848589258 -2.4117848280562693 -2.9290709484882154 -1.7367429151112153 -1.0226382158891512 0.8328901443733439 8.395671081238813 10.187272358442797 10.227611038040989 10.546697542733236 10.975139291825517 11.623468753162117 12.649817060627575 14.24696578203289 13.690040937338752 15.600902839512765 10.54969061755642 0.38645188503110917 9.611189462136798 6.190118239116496 5.147590962374785 1.0485504255727036 -3.5506477453379324 -1.9998839583637353 -4.652738935924824 -7.312926422250923 -10.231373566009584 -7.611999864228582 14.71096806825103 4.344779171955329 -6.572782605067857 0.17037406295063293 -0.22529217540925617 -1.172818822578813 -1.5524861724390127 -1.3219521925680409 -1.0297259020174767 0.2248411909360256 8.425111923157802 10.616716689650842 10.82006773213243 11.338399497062994 11.901753772646346 12.54390108551661 13.14334634926148 13.889771131476381 10.888268298224544 10.454287931887881 9.713938544846132 10.394782051338535 16.935728721803272 11.719615090323265 8.127979159965951 6.906508657058798 6.757886249126824 6.085214921266208 4.2421812697794525 3.67204128166885 0.9884925565093516 1.6882524114091197 4.692737747833757 4.453245702145776 2.703560983172423 1.9243231595368921 0.9193171840708149 0.06618885464027517 -0.5175194833080342 -0.7680770048899777 -0.8127545301748167 -0.16502719586476947 8.290885255496244 10.764215263561656 11.095075410636813 11.765366846318203 12.433184820617003 13.086697473062355 13.577924465808474 13.702582572487925 12.15650009993051 11.70967654786995 11.221306254654161 10.399606354547881 10.273047263889145 8.386967613106597 7.200133536823214 6.782289131540806 7.147465236417646 6.54351499711867 6.041231658935321 5.863875497311321 5.022272840371338 5.181760453423797 5.448492509219359 5.246758915783333 4.509853466683151 3.4755904072969566 2.2906210361689974 1.193741062833833 0.3234659874475303 -0.23931889494207975 -0.5165134921679242 -0.36944392923000746 6.874214333505249 9.57642467886062 10.129226612311511 11.044355391418584 11.898953600895336 12.64764067245089 13.149340167506878 13.3031947408348 13.04520164664368 12.360585246054924 11.322422089592974 10.170982065654412 9.055022775473535 8.07011058534426 7.291951404321328 6.720403503227516 6.3628236156021805 6.224151795526595 6.278872782178338 6.456048285336646 6.6957313390212745 6.960498510560162 7.136325191567112 7.0024651538731435 6.477681326901735 5.567019664702289 4.3702007487557655 3.1249358662926494 1.9859160784741783 1.0187992726308763 0.40185280795892125 -0.5028520981978296 3.0732930296826826 6.605007657501643 8.188162354817207 10.80114063890232 13.998697969201435 17.871198011916757 22.429520496194787 27.865935002494798 34.14784004020389 41.10199361486497 48.42942133512789 55.64953673111433 62.351972109708655 68.16240044563708 72.64785293421556 75.23685109845161 75.6863929055704 73.99259569555475 70.35102586094595 65.2425362800464 59.059605544763706 52.17361585139913 44.994964017032494 38.0151813673227 31.551780378857913 25.79780937638551 20.839149197865794 16.580195917794125 13.070648461607815 10.248929870469642 8.593464546020641 4.737453875307727 3.911364329193524 8.271414850712551 10.15383207821892 13.206713514998992 16.8395140286764 21.128307690796923 26.04233558191175 31.75251197248293 38.20446649316769 45.2086173811545 52.455012371563086 59.4535818785152 65.80614901478623 71.18739832758101 75.16706953929229 77.13247105717474 76.81821437959059 74.1731445351672 69.4804548555373 63.48882757819423 56.66759096528928 49.29533185836073 41.782435744900475 34.66368058483202 28.304286029463782 22.979178413904823 18.777411306948295 15.560570992220143 13.279745551479294 11.815933784489534 11.253540664857828 8.97867943980092 4.077407931628161 8.559427523702482 10.46572859821607 13.537242126113716 17.14993535127383 21.36813179980196 26.143025445412764 31.622349566426962 37.74157295127266 44.31338954244689 51.03509165692091 57.4278873170118 63.14494799098538 67.99196087281446 71.55986312635912 73.20558150671182 72.59368606583597 69.50151176690743 64.30652860482303 58.18953885831179 51.64334504286666 44.66296695197198 37.56495479984884 30.795258586471483 24.73749182191389 19.85169840649425 16.246087577461772 13.771712640320564 12.354964764080936 11.742719461018256 11.81069895395894 10.45751754192065 4.215024329032395 8.756133461168924 10.650292990451872 13.676953271902722 17.1834466712243 21.216816132443512 25.70682737950562 30.771689782530416 36.333232510108 42.21072249939001 48.1167985147411 53.576270126785424 58.32849331043326 62.3600594055806 65.27851558845263 66.41543685050584 65.37836564803652 61.531635449270965 55.59337555898343 49.61589190906663 43.73417678234628 37.86915042850961 32.13293070627317 25.843772551515308 18.316211501021954 14.324132042811467 10.844207094851308 9.620629886368729 10.879170291374631 11.429493713716738 12.245787845255046 11.994220585246794 4.3292040038504505 8.874273141418591 10.727505456073004 13.659984348971937 16.99872052410655 20.767824257973253 24.875733625763843 29.418606659751493 34.31082666221467 39.389420737772575 44.33897498324642 48.66438089329244 52.24669035918935 55.267875032184534 57.2368330590258 59.774349698620966 66.04214558012877 53.901692652163085 41.971428989707874 38.74199041933473 33.32206272083106 25.630565658889967 27.055378085300656 21.131344989208134 8.036698307398474 2.7962471318325672 0.6084441705514734 1.6335153019494186 9.223103036771949 11.073664659785532 12.516356275010008 13.24876481282126 4.469368164639337 9.010742855745395 10.814475182873602 13.63481509398853 16.775843558144356 20.229378463841332 23.863364847983725 27.812499368537342 32.13390496322447 36.53118185310613 41.0702404151508 43.134342175720654 45.44084409592346 48.752899360739605 48.54734184710688 45.87359501534247 50.20171733795093 43.35420224142846 27.17450927183062 25.72424637100451 18.960542352792768 12.527511729271165 17.411776452113777 9.620171219214509 5.400176416385116 0.6192721673959449 4.082801287161943 6.581123521970894 9.520997307483093 11.073249414580152 12.82614478642443 14.156638175207139 4.639089473919752 9.171061632927204 10.919146116690055 13.615551940916504 16.53963283121638 19.610745961206245 21.767592258965898 25.164416747183576 29.84955408151764 34.58521917214378 41.129315206375324 35.46478279852088 38.45089993227201 41.93267833459539 39.48180626779711 32.83518907955294 22.60421759185917 27.486923496460395 12.295919883303386 18.556837787928025 13.939563982166534 3.692345305160876 10.429280399001266 4.96048939914312 4.418829283574588 2.0845026855728492 4.450659064093328 7.391783369342839 10.83977883310471 11.872554050171916 13.233646284602715 14.426420935987796 4.835358921658578 9.355167276999904 11.04309268707865 13.608451771162555 16.318424819506525 19.218568785858096 21.67861872913544 27.369159050734837 30.818250871719663 31.144119454590115 35.774740543797165 34.074490738228235 36.37202241818179 32.83757892699014 31.771928334368486 30.840749474033935 17.846722167862612 23.9912202341985 9.17979543295533 1.5379892632771455 7.264265142570027 4.318568206885713 4.920766454703361 8.811226150740723 10.594838097045287 1.265474903837376 4.982559777679911 9.612691048440038 15.0592746613753 12.59902818763916 13.237730229439732 14.021747585409917 5.0518781469888605 9.555459560264753 11.180492431977978 13.613517526295123 16.123987363955063 19.13142022354194 24.65441832195035 26.122261372131124 25.31444054731257 27.168367551225266 30.072206265652564 33.06013435918195 34.87539996234791 27.459758051201135 23.337361931843496 22.589012949507254 22.568270702286306 31.10888108789071 12.096435253815818 5.430470572937307 7.595636343433038 4.6034781958172415 3.1693552255366777 4.172752693828939 0.24448106705274708 -2.881325670883286 -2.032438019824743 9.549924508048807 15.17358887088898 12.813848800540192 12.320527599980378 12.889997922096718 5.274114157958611 9.747350333696755 11.30687778712727 13.60947889481635 15.920709329840875 18.567184032157805 23.273351914799587 21.845147020015336 20.85520029636807 24.73581565689051 25.07531475111372 26.681845356626646 25.088447032755532 23.967307136711923 23.215534487516283 19.018587807972715 21.170454662037983 3.9595167572105705 -5.839468793532542 9.458452522096925 9.473345825602536 10.987397555797559 9.133804175957591 7.598439607188513 2.858932716490783 3.870755596811224 9.888243160227352 5.787162849356782 7.667181001154742 10.442284900587357 10.29924596018138 10.91011389003394 5.487314642413667 9.905983733013327 11.395474873623394 13.572672402516279 15.697427194977688 17.798221245749726 21.56130893037586 23.093945662084455 20.13031030109862 22.421227307327914 22.765432029770228 22.670556117408008 18.8380211914317 21.376326302082127 22.616528314915808 8.316467011153785 8.788214132075264 -2.7498171725269267 -5.431997459913357 -4.144394325703089 -7.357790643206985 0.18994158789106372 5.76244566505643 -0.6164281140305677 2.661414842959468 3.2150777908802426 5.005656613729103 -1.3849598989638947 1.998877598534333 6.171694278162575 6.999421102055087 7.959752322130076 5.657424943264747 9.978998007938435 11.388596768463772 13.434852769478544 15.384469877392505 17.246561341714617 19.68311208313609 22.92249564781096 21.62170016904086 19.47024713647307 21.105669932973917 17.800282438271182 20.386762720530175 17.77535441614472 9.687575386189934 -2.2283698571784725 -9.614050950027913 4.867135005136784 4.3577691100504214 -13.354350541555702 -14.103889639131747 -11.171151796359782 0.717962763907834 -3.369438845698983 -3.15570369922273 -4.192892606559793 -7.688202147005991 -4.361145524433802 0.4771360407251542 2.2420118395141135 3.121953895746279 4.3968039817005105 5.750380844943662 9.913281880056976 11.226869788112783 13.123703510291913 14.896967210582908 16.50341946408976 17.81235220662223 18.835015778821994 21.788432796124233 20.33848742303254 20.915847546610422 21.47632642952493 22.06601062400016 10.419648397099692 -3.2582548420093533 -0.2283060773379864 12.258843013011878 21.92871883539068 10.068899917223238 1.3764207359613747 -1.4664912413197595 1.024844550940884 0.4110279788057939 -12.077124181817725 -9.851008868194588 -7.910865840471761 -4.840648796852835 -5.119219233978114 -2.3842911798482334 -1.1753479181918027 -0.6361121195923961 0.579176538717957 5.730556824039555 9.653757442962007 10.848423712234812 12.565640636030423 14.138990222060587 15.545518275888222 16.412987612228257 16.13401180217074 18.122669614602383 17.844674961164646 13.042978683657498 16.091574343705187 16.034678208326483 9.870767989543474 2.7109335688708236 14.65528982274697 15.638629107952408 9.239666507489325 -1.1928642443797701 0.6209985980572759 -9.781444662722974 -12.316021045745588 -6.520136739762957 -12.184871376631941 -15.4973777120432 -4.782557475339307 4.311041110955727 -2.1266832553780173 -3.690411218324262 -3.9450298993412445 -3.996504697193198 -3.11402976584962 5.56230830507055 9.145071504479365 10.191867313990821 11.690876015153757 13.02908779846559 14.205567344118247 16.377663079350647 19.881728506734298 14.741065893783313 14.538296883833407 12.541640361566245 17.861877459572874 19.281654167697525 16.481884262522605 10.217982173577388 10.59083976577252 -15.257036598849135 -15.752020745135592 -11.096921172665908 -27.28799653887236 -20.86342408141524 -10.081412740997376 -2.464009174433213 -0.882480320438319 -4.939768907360391 -1.0664044781985262 4.218939032564695 2.8096981743251837 -4.808025547695514 -6.061364916126565 -6.683706764552115 -6.3036431869024945 5.259215602239243 8.411552679642698 9.283625248151065 10.528454097942669 11.597279629818154 12.465453480990195 14.249247701492688 15.187661516841265 11.216948640178167 15.069162023913327 11.382872121877366 12.37151299439366 17.214821253968974 11.693060483207748 10.266864286265989 11.065813989593245 -9.154219319600742 0.9927468656870089 9.688518632728629 -5.1864055249209375 -4.431783919273962 1.5133830956196745 -4.256137354821874 -7.591204486200277 7.537476381344826 -1.1118693700385547 -0.7535778811514118 -8.5749101980493 -8.349572621933278 -7.803266880371804 -8.892039415176212 -9.051124710782558 4.834458101058276 7.477501751050805 8.151690063832481 9.111232800589846 9.881665239521135 10.426919979199267 10.908713255939587 9.94538210691229 5.78722990699385 10.11271554620328 10.891735161976579 9.597649085364315 10.247398048324346 -0.5951709687027208 -4.549410724683363 3.7150895570783278 2.458873448614375 8.735604460506378 8.858568183375962 -2.199469870964533 -3.4649792934105004 1.8000875839728838 5.344249168074493 0.0319781713062357 4.864165458891547 -8.831794849880545 -5.4316015130633915 -10.803762852246255 -9.172954858939855 -9.276578923143706 -10.813051279012265 -11.41745021462671 4.289440555710504 6.348615089145011 6.803230261529814 7.443275977593015 7.892018887131237 8.107530546112171 8.435190024627016 8.981723080170068 1.6765585490615587 -3.9419857307096353 -0.43019853929550445 15.566779823880188 15.703356772713313 -4.16270091674796 -1.9900127275985442 -4.567304925653304 -13.128387399234885 -20.013988617798123 -3.0875807902787806 0.2781241617902107 -8.423620328434687 -2.204735143351513 -3.018686001087045 -0.1827887547003682 -12.762363181706492 -39.902177706810825 2.81617597274858 1.2688037186136834 -8.400288098317429 -10.875286163067944 -12.683213122293395 -13.429601315644515 3.619961808813539 5.020953151891996 5.234709098572402 5.521701805962782 5.618305903916175 5.476817791911659 5.1642326408959045 6.40485564453727 4.031599037199549 -0.39282399297231696 -0.6254824552067405 1.1109558677290003 -4.480718027928026 -20.175209724203466 -20.33159117250644 -11.619645393115093 -14.879545109025296 -24.18904780294789 -11.582220372290342 -8.353258523560138 -15.480386192431062 -11.530749548040033 -8.76604270452674 -7.945808857295231 17.109005256043776 -15.372708264516662 -0.5628230323658019 -9.842542883642704 -11.096028250362286 -12.995374189645652 -14.735282238440892 -15.107053959303089 2.918667123999711 3.6625206705229747 3.638898414913474 3.577328928098734 3.3246911702944533 2.8269708896131123 2.08793952087501 3.4675776410908665 5.010080879816067 2.1450253346351587 -0.25167510954592437 -9.489700075889772 -12.965969502334143 -27.0525597971459 -29.354949589761524 -15.801617529909816 -11.826068425968804 -21.431972790816232 -18.38041412399475 -5.124466872901382 -5.597042324868913 -14.116134216479775 -9.858332931165156 -23.91412345182645 -10.79318712639411 -10.814032550118947 -10.249293417805866 -12.193084809049482 -13.644286304486794 -15.24624667288671 -16.727797130718287 -16.43327766348316 2.200180029037816 2.3134317613268807 2.068705992937587 1.6800490279848237 1.1012952301578787 0.2757196676801482 -0.794863185300278 -2.259167136385637 -5.842342761280587 -5.1673365620897505 -6.601066559869644 -8.943031627065832 -10.011547335396292 -13.59136149555637 -15.642230239377321 -17.238631665494697 -14.769470022056035 -14.203197993749415 -8.738226986174231 -10.277770644036893 -14.00344590421244 -17.48889872014789 -17.14812704628258 -19.014171725844868 -17.112845033841566 -15.303877996207529 -15.143225864977047 -15.47074916814829 -16.236970024438286 -17.25536041785745 -18.372864802059826 -17.287296254833766 1.586548634487209 1.199975526638649 0.7861039325633725 0.1471921063182767 -0.679331316700245 -1.74807980809578 -3.068643496646305 -4.962996211740898 -7.714155594562958 -8.734993239590061 -10.923184619764177 -13.181715381246688 -14.998746677208546 -16.780407362119377 -17.8591062718157 -19.190005038823628 -18.82195728194185 -18.560838392786568 -17.307834940682994 -18.346036150565347 -19.742086421483904 -19.885689830466585 -19.99717837123128 -19.81409116317096 -19.24843044305013 -18.617487494854153 -18.117723714811753 -17.91475814943296 -18.087483695674987 -18.565765830873033 -19.33918988005432 -17.57973348066323 0.11305071639674545 -1.2407124010928534 -1.9424465416814782 -3.003603944560058 -4.214606344901073 -5.600024770752033 -7.135548742699857 -8.845082756515055 -10.71743669657482 -12.701371519498714 -14.763858753948577 -16.76489037015494 -18.591594023529712 -20.173913771284568 -21.437610179656435 -22.30064180862205 -22.74716308861194 -22.860385099418686 -22.756856332656927 -22.685117143140854 -22.704756245421002 -22.739507372077732 -22.70920381371453 -22.450298252986016 -21.923759077079456 -21.190262882014288 -20.34589834138536 -19.54952942816455 -18.944292606371924 -18.550330346816384 -18.637416616461103 -15.766585581997427)
(UseCyclicTransform "false")
(UseDirectionCosines "true")
