(BSplineTransformSplineOrder 3)
(CompressResultImage "false")
(DefaultPixelValue 0)
(Direction 1 0 0 1)
(FinalBSplineInterpolationOrder 3)
(FixedImageDimension 2)
(FixedInternalImagePixelType "float")
(GridDirection 1 0 0 1)
(GridIndex 0 0)
(GridOrigin -109.90744901342828 -116.5949630352107)
(GridSize 33 25)
(GridSpacing 80.12345865938052 80.23631469382325)
(HowToCombineTransforms "Compose")
(Index 0 0)
(InitialTransformParameterFileName "")
(MovingImageDimension 2)
(MovingInternalImagePixelType "float")
(NumberOfParameters 1650)
(Origin 0 0)
(ResampleInterpolator "FinalBSplineInterpolator")
(Resampler "DefaultResampler")
(ResultImageFormat "tif")
(ResultImagePixelType "unsigned short")
(Size 2348 1698)
(Spacing 1 1)
(Transform "RecursiveBSplineTransform")
(TransformParameters 4.764806031214264 6.785107541585827 7.331610612973531 7.868281427488033 8.336006726824179 8.753213322552865 9.028980156630649 9.155018108871245 9.115161224053109 8.879404919001997 8.417225679203508 7.785230998107504 7.039992010524463 6.184155377999019 5.220361755339284 4.196595839160892 3.160837032946106 2.1554537585121887 1.2228193006320696 0.38811246006105293 -0.32348814862042163 -0.8879689444058185 -1.2813127693245945 -1.5247158452250624 -1.6393740048949885 -1.6452479237373387 -1.5621853941520216 -1.4101783007059296 -1.2076262350892881 -0.9882805921772344 -0.7638188296157129 -0.5752872421258883 -0.1562357644816361 6.395801921281973 9.190849820521356 10.013041529968445 10.872194899349772 11.67837746902831 12.322576505854107 12.54495525905127 12.459840722045282 12.17111618626044 11.716651650529625 11.133450731121762 10.380560212581555 9.417429452932984 8.266622661432645 6.95007426915816 5.576842348157369 4.255775284564838 2.930836301631134 1.5464567700259686 0.20555972782429519 -0.9890711304175744 -1.8569997049739784 -2.218043612899357 -2.2580062402498746 -2.1628427705315145 -1.9936480055537347 -1.8112585209340066 -1.6078381433636795 -1.3736220902135068 -1.1354003655787663 -0.8951653253840773 -0.6930089416978974 -0.22344295492191132 6.71611616836099 9.743625845572915 10.716858522817802 11.84007092274958 13.050848764424833 13.99127836547055 14.139260849917347 13.767435241328352 13.132048002396331 12.462853105951051 11.925202261350671 11.26256912660657 10.124538281544176 8.937268613938958 7.298222822583962 5.670585877191244 4.489862408536195 3.308159308726194 1.7428583458193723 0.2986245380735209 -1.1039746993807094 -2.211324154226854 -2.550994896549825 -2.4312837241545133 -2.211056399576323 -1.9518258909555994 -1.7311270752527972 -1.5292836930127958 -1.3130889563978996 -1.0996443817528354 -0.881753355540307 -0.6958162655699736 -0.24751127749362561 6.900141584126007 9.975148796071993 10.965315811207967 12.361115923239195 13.84135960140325 14.861246085256665 15.619807344977314 14.962049156393325 13.869270102327459 12.834721736734666 12.233190246849212 12.259219907283269 10.870920897418577 11.2917585625252 8.513243603426337 5.321591977168848 4.479600742634351 3.7880269589467663 1.783203163045214 0.2842550974823733 -1.215740106026994 -2.557346479713177 -2.6430081013948903 -2.081543255434084 -1.7034609396401295 -1.4433086913263729 -1.3440581018377857 -1.3073446965157163 -1.190470272725309 -1.0362574339833601 -0.8606697874425475 -0.7007031239705402 -0.28615224453641447 6.87914320945218 9.598144075717192 10.490930804618346 12.557392335575072 14.313537006626305 14.294132258864241 16.502232670981265 13.762366980029215 13.640977711614214 11.040593857977777 9.41339812014091 11.57713719766224 11.182995393783477 10.811380074233512 7.587274774590132 5.097784437828495 3.6484148069683435 5.229518734680881 2.4651899767108914 0.4861298938261901 -1.2582870010560696 -2.828428702132184 -2.1897941662817906 -0.8795214263115381 -0.25046032326206735 -0.14826500879595061 -0.4758220723527882 -0.9121402274259828 -1.0336390655625174 -0.98118141253851 -0.8644644435300508 -0.7326546618320656 -0.34707053806178506 6.706648772529351 8.861178139452665 9.344845951672717 8.64037435230738 11.582744412606552 13.579559172227878 16.215718031454184 11.618082273331241 10.963803817075105 8.172985940323686 5.893213550286524 9.567744055342505 9.401089035343748 8.492050900452908 6.570203740007434 5.390445424743391 2.814816121592903 3.640345310478906 2.44711139593952 2.2869397304748174 -1.3077772473299423 -4.266624417744683 -1.0247252212330469 0.569403845779395 1.1552922431423036 0.8735627001134182 0.05361767733503838 -0.8368081071502026 -1.0894811001045048 -1.02312770241278 -0.9197493468032385 -0.807905295537497 -0.43620387015421985 6.346945869218067 7.956265730753023 7.547881958720576 5.585851368179613 7.9410248473702545 10.167138851016636 12.792908949644113 9.900387353793162 7.6331293503283915 5.9279558972201665 2.6174343189971205 2.4966427274133896 3.2285530246843264 5.081458724016135 8.801848480776444 7.008390899004707 3.873247273724894 4.182311603254409 0.7925106029097406 -1.6535468788637284 -2.6372663041015705 -3.9101192841029437 0.3548693695932658 1.5319010723011806 3.583032194691185 1.6638371549779984 -0.43963435848093096 -1.5544331606848483 -1.5937878677072637 -1.2420059557340906 -1.0457426391965445 -0.9361101225967318 -0.5558986176721866 5.7862569507799355 6.803168578972884 6.1468103229349484 3.8047359776341443 5.609182991877929 7.739263445699455 7.4524582768119325 6.7771908522462 5.209379332756168 4.144012287118635 2.0477706652087964 -0.5928641342989109 1.183279567314132 2.8717472086447553 4.415200788133295 1.099257605146152 4.883857280374855 3.2958697815995412 1.0734034044054621 -3.2360061677035477 -5.256687451850375 -3.55938656105463 -2.18482961163803 0.5025543523635524 3.75044383927699 2.4966859680221756 -1.6452077218185803 -2.508113995254094 -2.10617576334664 -1.5388961000906267 -1.2597587377773567 -1.1359655222448435 -0.7166729039124006 5.00467049159904 5.2460913707839865 3.854449693350555 2.1377037233729226 1.8533227824756737 3.0605400736746264 2.7690731480457567 2.61815984422185 2.051668444896907 0.41287262906252287 0.907603819662315 -1.5325228482443884 -0.4228985766590095 -0.8437954040636709 -3.5426067100876475 -3.3158567163720516 3.3075405271903735 1.389834803541157 0.6542182274055556 0.1277488321989314 -4.7562847615042525 -1.771806500774717 -0.5067050668294205 -1.2720993918217218 -3.5526333234069822 -1.8541077647408826 -1.9438166608231835 -2.668206529281578 -2.1847049094015043 -1.8138173031223557 -1.5784106818500965 -1.4256782953275853 -0.9287904841233691 3.96993415445987 3.5961877764959023 1.4079103028802147 -0.2539822557110723 -1.4254070703934734 -2.035608531338065 -0.029147717930666946 0.606853746825779 0.24221593729727425 -0.687680746731428 -1.368469762644318 -2.736441071416015 -5.379188342015234 -6.525020397923417 -8.834768516860178 -7.145994455820951 0.035655008258254094 0.4201711515596909 0.4986804944456901 1.4231499412585702 0.2489745586792966 0.015045083150260033 -1.455692342959838 -2.209700514457858 -1.980025510983106 0.628039102295276 -0.989260907810183 -2.2518912941461506 -1.9825814482171882 -2.0737479577949545 -1.9710143891235168 -1.7870108700054064 -1.1856899768041116 2.649156245860289 1.663788198995159 -0.3450752529627778 -3.293310549651367 -3.517113223722245 -5.254406452313064 -5.489514807472065 -3.600729202955779 -2.54220221575213 -2.4238440796735072 -6.108882449765569 -6.543796411064404 -5.100772808432716 -4.424263918797232 -6.541628778770149 -6.621586501448412 -0.5708177851686382 3.1337932212370654 2.8007590242237197 1.1980161791804196 3.659981445817569 3.3408674931682363 1.257903159335029 -2.115170962434171 -1.193405901312197 -0.40977279212543793 -0.4755308071273615 -1.28902568392425 -1.6614367712710116 -2.328172552080108 -2.407019315694814 -2.2016009092507787 -1.4807800720570046 1.233673739025819 -0.36532024382008377 -2.1608459455418374 -4.598701143754879 -5.077701654856847 -4.147715327713076 -4.345331996079599 -4.575918523443585 -4.071505596669414 -7.7493456536122265 -9.236986345505606 -5.675220415786104 -2.327184717880003 -1.3925142920715716 -0.44665324374019755 1.4651154493201226 -0.3427495026315048 2.5807497451350416 3.899970115783684 2.8634821150318106 5.042175007058618 3.452844642752854 1.6673850706728823 -2.6110230374142525 -3.2523475857274096 0.07762402769417197 -0.6529100882831989 -1.4238626062326232 -2.0155496951564538 -2.7892205741806633 -2.8743029691504924 -2.6288755643872275 -1.7844072140819975 -0.08516216106520504 -2.172968619080181 -3.9703659418728785 -5.399784046112938 -5.873442649481168 -4.410204253690866 -3.519155317535196 -5.225058614734817 -8.547773963824797 -13.099346782625062 -13.381362009670056 -9.425436563167601 -3.271034586770025 -1.7351363268471272 -0.3810155470004311 -0.35988618015789126 4.455888778167589 10.124139759013596 5.718338350706116 1.2771236914754531 2.769804597448069 2.8501577992249527 0.3014712942299507 -2.381199941234612 -4.329922564897248 -1.6158994032497007 -2.359601391047119 -3.9002749507693197 -3.835741951760814 -3.6668828666819953 -3.3606694997529787 -3.0283970423111266 -2.0669119399670994 -1.233771855802203 -3.646823825061592 -5.395344955396182 -6.6847237790847 -5.304891441072189 -2.645980535058969 -2.686055053793407 -5.7020422782843685 -10.677063677960856 -15.696810007241114 -17.886428359714895 -14.154154772973774 -7.91158365704156 -2.78521618111914 -3.043149225968955 -2.8153463988042446 -0.3908094201148407 4.96454699057375 2.915311721735791 -1.0412461345732096 -0.5052326325045039 0.5510631072997911 -1.9210584703665796 -4.6431091737053665 -4.291121556088432 -3.6736334554448526 -6.597219063819758 -7.119062680679043 -5.746510027187876 -4.494107124636329 -3.762630998796412 -3.3574207280396995 -2.317971386800049 -2.1385723188488956 -4.596903270779051 -5.047924045306006 -6.023153172932155 -6.078849994778948 -2.22803663391106 -2.0852784243060127 -8.664124146640184 -16.073066042883415 -21.584007522870138 -20.292058664584633 -13.554952025770165 -11.348671413168407 -7.413736286227412 -3.9843506717270376 -1.463985173925463 5.899994167946965 6.063868834836239 0.3948270243482794 -0.9846061493055479 -0.6415296496780852 3.0508266100484427 0.13543961853254 -4.338146745593636 -1.2070988329685062 -1.3252082643536038 -5.4367134070236585 -7.0699705525821 -6.355781413279434 -4.802883485343999 -3.976372297337191 -3.573183904167478 -2.5272765153784853 -2.8603683406202087 -5.2858320814019795 -6.272124497448824 -9.344320619405238 -7.807838116306023 -7.305538955890971 -7.483284660416853 -13.28397826126242 -20.0307734940915 -25.371994125632604 -23.467799776923815 -18.172805385477925 -16.327073667668536 -11.929835749179318 -4.458585225499296 0.5337304629722351 6.075195356016425 7.0364758312900255 0.5759143141276106 0.6713671472266307 1.455366963618675 0.4578940041566138 -2.5441441978326695 -3.30023477824678 -0.48928104630637886 1.9209400053106243 1.4036864106284712 -4.472981473882921 -5.953727010220245 -4.693716132487037 -4.017569958213551 -3.678969687771673 -2.6779650550846985 -3.4599284090906015 -5.864076477109558 -7.270890618621751 -8.765067779142335 -8.004485777814295 -9.313328247410414 -9.557628643924714 -17.340786521545116 -24.66508402494912 -32.70995212566183 -34.19170547656023 -26.022674575845883 -20.254749341391854 -13.481327838825639 -2.6162248515097413 4.746643315366131 2.916573276648539 4.406951736042855 2.0854146534621485 2.1812736544137676 2.820252807777603 0.11515768955754847 3.265908984717842 -0.2529456182897154 1.071367235739864 -0.3577155784607776 -1.9669055197887275 -4.071009360694061 -4.908834197900015 -4.271832113217427 -3.902484002441075 -3.6780143157542926 -2.7531485364069335 -3.8590193013497625 -6.227419057996959 -7.167577797895885 -8.051439419043728 -8.511661784070071 -9.689931301877428 -12.530034809674783 -18.572229208645364 -25.210711949821714 -32.05116312961403 -35.6865408234968 -26.169494729794636 -17.482331155703314 -9.217102282730304 0.44766256888057043 9.561916232733727 7.468981409998141 3.9969047168350516 5.160624177273238 3.6586624051228536 4.78916344945175 1.5194528263260858 -1.737225602626008 -2.4685780525031213 -3.105961274463029 -2.860023240309062 -4.087119828761119 -3.310529455432065 -3.9025167380384906 -3.823948752964935 -3.7285116495656005 -3.601570266484399 -2.7491331648875312 -3.9791148273820536 -6.361095390537496 -7.146038842174299 -8.042748645666107 -8.97112460259117 -10.459394121373068 -12.866633632836972 -16.084084951245277 -19.99970670570061 -22.541008243678856 -21.682271755616306 -17.502097787379984 -11.71477782580109 -5.002169449877835 2.9412050195190513 11.117183298508891 10.898942249731748 4.563053059131067 10.777206246735474 6.094144176491286 2.29256688422633 1.3836166317865937 -0.8360236320463588 -3.5391642415208246 -3.469565280559044 -1.9280753188847362 -1.9277201833812854 -2.9698807732495127 -3.606957912048785 -3.636490666855784 -3.5921441783366435 -3.480664449703137 -2.6620566845717835 -3.877367073535943 -6.251214756131187 -7.01343371952065 -7.919244094618183 -8.94044500520634 -10.18605499500362 -11.620669110565506 -13.06935891299199 -14.344278467536014 -14.635398281129493 -13.104624674606423 -10.045813699576506 -5.773737175071103 -0.7828350563433877 5.236641722431362 9.649799930138071 10.282965979569802 7.928664530717906 9.45929633873963 7.445098720479867 4.029792152392899 2.0168957739002606 -2.269958207778769 -3.8358966360464533 -2.9164508259631248 -2.353539618603947 -3.4979679428440216 -3.5810032577112367 -3.6047540587419977 -3.5345228262273545 -3.440722696306603 -3.3096079000498615 -2.5127928513619975 -3.6066108044064134 -5.874424378915848 -6.604403718497171 -7.456612539402752 -8.392527164736457 -9.367518412620443 -10.21277907942662 -10.742820011941117 -10.764911423960688 -10.053782980309764 -8.348631555429007 -5.7535137404285575 -2.3572084173041827 1.6087226773188716 5.907610938244422 9.228956953816905 10.504956590182324 9.973299185349559 8.424729765677196 6.855868742730144 4.864327161869943 1.2372610100043462 -1.9909676484411785 -2.7110076808749763 -2.770954076321606 -2.884631545915954 -3.3005401377954326 -3.504586118567325 -3.459616808620494 -3.3377810645715993 -3.2183009514844603 -3.079646655243014 -2.3198745892583177 -3.2460848073963695 -5.333935085459193 -6.0153724846747965 -6.777531762256203 -7.546587058693393 -8.26863592582932 -8.777975450764538 -8.909293067933723 -8.490397164233165 -7.451371541667029 -5.712663467262205 -3.371587719825252 -0.5197039132837664 2.6074715885466033 5.771172201962794 8.228779503540247 9.239402918421693 8.953638534295377 7.540237278515388 5.474677787485461 3.2385730154137917 1.0827447982207632 -0.6350052477984729 -1.8588415484383183 -2.526506500309494 -2.884873495030028 -3.1566876313466286 -3.2900800340806677 -3.231458222281433 -3.0996497962818603 -2.9742824159625836 -2.836161176943068 -2.1192854242645542 -2.8148966508249402 -4.631469987394574 -5.2249825581262295 -5.867358297460719 -6.47242712603788 -6.990078408787574 -7.272725135455982 -7.185575161680986 -6.5872895798489735 -5.469988249124995 -3.825831912617884 -1.7534748107056537 0.6482380620128969 3.170255458684276 5.603341207237115 7.472810425326395 8.304569876740983 8.112708273152851 6.913595754158813 5.16017985193506 3.304625751278381 1.5195849685209188 -0.021539847911167902 -1.2426356322330683 -2.0689751051918157 -2.584901760775751 -2.8743111238645964 -2.977553816323938 -2.932476724835377 -2.827163332394909 -2.713262571030249 -2.581562770519494 -1.9143799312130232 -2.407676777669558 -3.946821552466036 -4.445798535739458 -4.972050817804434 -5.441923239784726 -5.8129616394384165 -5.960055904946938 -5.777580298386473 -5.154024305738104 -4.09279983681038 -2.596996323673214 -0.7700257192973884 1.2846270654832157 3.394762853868162 5.388184948334786 6.9010163481635995 7.569553512180206 7.396847525129558 6.3861948922789775 4.898948428589931 3.296639278093768 1.7278444707736869 0.3409741510458098 -0.8045914511330713 -1.6494005120293345 -2.2150599634419246 -2.5230521670759574 -2.6401132520736117 -2.6305624944119392 -2.560981406611242 -2.4642454390884407 -2.3418094815931196 -1.7256738737248565 -1.2816659335768685 -2.0453020988343305 -2.2790327901703913 -2.504031859611497 -2.6688179471300653 -2.7501959621131893 -2.683855162989915 -2.4205061166947006 -1.9079105163685197 -1.1609964421253691 -0.19447644283694585 0.9077070883334809 2.061629947960555 3.179795175788903 4.174697224204909 4.898138997589841 5.20192283721752 5.083720332137455 4.541211035919308 3.7249912785568395 2.7856564878116257 1.8038669888049963 0.8602838681880687 0.016423044935055926 -0.6661922695366455 -1.1697128870868783 -1.4761701053900254 -1.6340178067340436 -1.6900409228351758 -1.68329503626397 -1.6295904914936503 -1.5443778420539855 -1.1193461810696197 -1.5071778174606307 -1.3759425671604533 -1.1384486774635019 -0.7817196242883513 -0.3690905689682671 0.08533707716049271 0.56198447800024 1.0572311478808418 1.5670663272943874 2.0602937218254906 2.505666594108529 2.885077119795187 3.18043552876281 3.4155455072870367 3.6141993543584863 3.7593959451233343 3.834143658159576 3.851097149864921 3.8229146635628477 3.754011599556146 3.648790055877617 3.4761821513594398 3.205112312830282 2.872766957009955 2.516325549757914 2.146507441240279 1.7739457520571962 1.415127765619687 1.085303819735309 0.8032862419401726 0.5708114207763756 0.40250853830156175 0.07514741879601516 -3.140029764654066 -3.21989196684107 -2.7983763337996024 -2.1251670043130053 -1.3399238255711294 -0.4639106419790513 0.48921401481827625 1.3265633395866105 1.8553259541827283 2.2280098712373326 2.5972489849927274 3.0713858689618756 3.7581875066003763 4.436787113341725 4.8868870318592945 5.1491104973456805 5.264802897342342 5.309878816811139 5.359929043427715 5.349827227092487 5.213183730981789 4.940519503984749 4.523257276107367 3.9843396459882596 3.3464015301398926 2.6612113824743973 1.980821200301111 1.3496210906865653 0.8109404240758614 0.3856268036534409 0.08241514224385377 -0.10319339988943386 -0.34273893774796177 -3.827307025970511 -3.9773761575648523 -3.378811963116951 -2.4460456695619968 -1.4069395763930872 -0.2611035982017211 1.0073742868092619 1.9362409013066086 2.0927816226938263 1.9252088328449897 1.945705770056985 2.6227430807644865 3.750516016593807 4.72106952027019 5.8123074390524065 6.2076798041786025 6.315633503825596 6.288696534246371 6.3127469893822195 6.19588632592509 5.8148340241227325 5.326374446042305 4.844327130759869 4.267618979049703 3.5300588981411423 2.710467532973381 1.9064077762789735 1.1733179478379072 0.5606806990442369 0.08973929710677585 -0.22685315341595602 -0.4047068757635266 -0.5658963370295701 -4.634523070641476 -5.098268635295723 -4.63269577863134 -3.4973193823013973 -0.9384863752990965 0.9234710344048292 1.5448920144441618 3.42979092818923 3.5661322897033414 2.410080053062307 0.2488963127489676 2.557662530256553 4.465188827980789 2.9938567818218838 6.423426781679389 6.3491247657941345 6.887462089235299 6.693244017234588 6.9921402006113 6.838242562901388 6.340030516085272 5.888660642492449 5.363384363067094 4.564642563515507 3.452530874535563 2.3051123468496515 1.4579074530985836 0.7921449415179701 0.1740280549750983 -0.32799650170935307 -0.6474217509370325 -0.8091275755848985 -0.8599125848005924 -5.423703083943496 -6.666636478242056 -6.90912792992129 -6.327504438414276 -2.1914385007487187 0.43814935551589557 -0.4841901655623338 4.683699441531751 4.52867276655685 2.1978567121556347 -0.13050375636387623 2.468321477191019 5.3699560516366684 5.082845996195005 6.175708919189994 5.756510030757918 6.116582655946551 5.164454144755096 7.8482305328003505 7.610028527651113 6.292804952936339 6.576494516075004 6.246872372617558 4.992378759808904 2.9470218834828823 1.077345772800698 0.3728407661577221 0.14402014205107788 -0.3225699787733755 -0.8168987175941098 -1.1213964156157832 -1.26077147626456 -1.1876715326102565 -6.180321241869713 -8.38752909410008 -9.897345703625902 -12.220656853816015 -8.804878403058117 -2.357707351229711 0.5840306411109386 4.9675325639075005 2.8864914201895435 0.8614103602318357 1.7032549556020198 3.3988516788328957 4.7968831129704235 5.967261937855757 3.9629996868009405 5.27304565861995 4.486261549327874 6.279244561790348 6.1280316382151065 6.690747499352325 4.8346606674540595 4.8098441289894875 6.437022004377066 5.16720319037925 2.255732722382232 -0.07201788886315583 -0.5845863470560888 -0.4604684748237202 -0.8363049194146979 -1.3585559138688712 -1.6542360620719576 -1.763880277589557 -1.5492998848703408 -6.803494090589095 -9.972209897219681 -13.202007746815983 -18.018894069420316 -11.708083624352815 -2.5920168444681884 -0.22960151788078462 0.0930312329386568 -2.3846652074011327 -3.0090485915518226 -1.3249624181268107 -0.1364869410760634 1.031226820355731 1.409436307937978 3.4140388803353625 2.139016904592276 4.715905308748074 9.824125179293953 5.7798443990488355 4.531645731375899 6.106504319456561 4.239679231610641 7.046300939363752 3.8251278686981602 -0.5023933832810296 -1.624638530617712 -0.6839388909134471 -0.7282253457134477 -1.2615554992063212 -1.9139597912995714 -2.226519703931616 -2.2966549530817604 -1.9231883805857066 -7.209494996289453 -10.863453941058925 -14.775710563284763 -18.05842995518171 -13.206937194366773 -6.162225159813008 -5.158341623508548 -5.116721352138781 -3.597122695694719 -6.2992757983021574 -5.24973235404682 -1.1087774419344825 -0.03909739285160049 0.5144540282631177 5.248312622781957 4.62394461015726 10.325967376943192 13.632402975275006 10.28590461365428 7.160710468893775 5.063958953167396 1.7662695611675496 0.9356357021408731 0.6029843323296527 -3.5346226111725674 -2.553313879844776 1.1994182153113628 -1.0778200006345138 -1.9073924109105393 -2.590155228746297 -2.867610113282956 -2.8768102535060347 -2.3078268046802153 -7.308521901597787 -10.318592615879291 -13.311708266026779 -15.57982259523372 -12.794338896943254 -9.284820198753742 -7.1606237874344485 -6.858794440841562 -5.5592249899407165 -7.013351371902315 -5.156601639273638 0.5792546288556172 2.1605377463232256 5.0097986811369495 8.836824737990417 13.116575027226652 15.61776970986218 11.244464205492944 7.51196905500094 3.158195513376234 2.395378972467894 0.7211047071653145 -2.00465548126234 2.1978452219668463 2.2230099974026962 -2.4936006148032934 -0.08219715129694136 -2.3013382288225994 -3.0836442169031053 -3.4921790326607662 -3.6050712471530026 -3.520208102521571 -2.700152610698615 -7.125213532605836 -9.231147838712142 -11.007903292988868 -10.788524895078995 -9.224385699728053 -7.713665048958495 -4.160051353950785 -4.089598810630794 -6.226467081323022 -7.067563514758701 -2.6705115919145634 2.383142873981303 5.227337227320563 7.384994543219128 12.648313954327842 17.812564766226345 11.873783658272663 7.510222132723893 7.812370348784293 1.9220868520578753 1.820139674927083 2.285207301254655 -2.3068032725719747 -4.947489188936348 -4.4141973934176635 -5.975302730929755 -4.04781513486124 -4.092947043822348 -4.44367937387797 -4.50367325155681 -4.407485342845292 -4.204001867602766 -3.089041237529065 -6.683682091612645 -8.104130490632919 -8.928841693399225 -7.000374005866376 -6.947286654522951 -7.078612903468456 -7.31575863504851 -6.2736102856992275 -2.0671212780718697 -4.230784550765569 -2.353272052244461 1.5260362448739044 3.2100182233301813 6.4740210526047095 12.929368507512372 16.508587739258836 11.844010159084432 9.73447374266253 7.227389777611241 2.1496176492702572 0.704039504222838 1.4359463192227884 -0.19779698083502156 -2.8709986155339013 -3.6179280126284374 -3.0779353001976824 -5.58804871592289 -5.701025896745823 -5.63497417361157 -5.507484941977137 -5.243228391565429 -4.905125381489038 -3.463236100103227 -6.114639461768667 -7.1042076849421045 -6.864791875039393 -5.913073675981934 -5.619593664091246 -5.210522501558602 -7.438567956270812 -10.973296570643376 -5.143824537296373 -3.617617545438291 -2.7307759814188524 0.8236482469267619 1.9605698720815674 3.342533227698269 7.739561473788537 12.142933348868551 7.014589828160621 7.864121685092699 5.534504631957075 3.5499216959151294 4.633771391913968 2.956979487242503 3.410701532604225 -1.4248362332916036 -5.933727591967586 -5.122124692675305 -6.550137863734433 -6.887454885525009 -6.594365561008126 -6.404762868059274 -6.023862377495099 -5.561902985752009 -3.8053791781488115 -5.5487903039157604 -6.73036477447631 -7.2349040436262 -7.8972085929739055 -6.712446412607595 -5.590325322562233 -6.576442960670369 -10.172737511635212 -5.627034154975474 -1.160811129779367 -0.634624524137567 -0.5810416664645828 1.1526074978090701 1.4876407049650642 4.809474291477673 7.017866522394858 5.9079892858089 8.629638311299372 7.003158847129207 5.678480337372477 4.611308464173935 2.6299679684417843 -0.9257234445512873 -6.621859610456053 -7.4464832133159815 -8.064146343296938 -8.777457183945142 -7.834511624437364 -7.263329232644941 -7.097388086385623 -6.660888110614162 -6.112703694462635 -4.0980822343620105 -4.922631802999954 -6.31438600626914 -7.406906400638861 -8.280784556344093 -6.396009635967892 -5.933124089195612 -6.291152712840503 -7.843536545986673 -6.520404909713515 -0.35754588305253193 1.238221315112036 3.4509200649727787 3.653418575472644 2.6051882669036193 4.052130246774368 5.585453601882218 7.146842907121653 11.158529429232834 8.634153197230846 5.972612920233681 4.554736560579209 5.140137539494933 -0.4631880705157596 -7.980068931638334 -7.858123871094981 -8.073857960437689 -10.153045527097753 -8.16551817201332 -7.792973582423782 -7.648241391236778 -7.164988915402259 -6.546304805353548 -4.328067888891666 -4.172682739871855 -5.246716245005267 -5.588391262752094 -5.0190344926912855 -3.5328347976524412 0.7949473384794431 0.6419316099059572 -4.304001471772454 -4.701729343968563 1.2067077960984427 3.722067483395731 6.275362732188852 6.371114013428879 5.57413539525325 4.745678447696852 5.997264933409398 6.262343352152798 7.517828818332748 5.661592682187036 2.4307013703902522 -2.470481080860023 0.6957450820096037 3.491112780987942 -4.951622688139061 -8.576500427210158 -5.278867402815993 -8.310592284608298 -8.80319989963119 -8.347660729173317 -8.120011096513496 -7.546556369994087 -6.851439762780753 -4.482095994630565 -3.430618937286733 -4.00043919273171 -3.11674309995636 -1.942851916055712 -2.7230906217796176 0.417436214381818 -1.228388033961544 -1.6341736384236198 -2.5242050052986924 -1.428450730754548 2.4871522465445293 6.299977149178148 6.943351005186366 5.462197107164829 5.817568055339871 8.611021914705933 8.767802289183026 6.896343043554648 2.8939974190443145 0.11245638858994983 -1.3214561739804656 -1.2078007634773105 -0.8040576728865335 -1.8626734333067523 -5.8098302028876505 -5.131778123629866 -8.957868207663031 -10.141508032339491 -8.645609562211764 -8.40238182829272 -7.778373068425624 -7.022387056014498 -4.553966547705788 -2.8281147549261334 -3.0291552233806933 -2.9196623215783895 -2.3932484551159154 -2.225373054279276 -3.226467705515824 -5.107103218426214 0.14271219401483173 -5.606250033211426 -3.1166404159580634 1.9659029147924993 5.973876105960824 6.397902178046119 5.46164678191946 7.7122058835455 10.64725816468471 10.926091150218953 10.00193393194514 4.234428409420333 1.1851810341387063 0.9104512983808479 -1.403817815604723 -5.686951993262709 -5.411439839422126 -4.936063918867414 -3.0695353538774577 -7.884154814947302 -8.975004630524342 -8.353788033659274 -8.385075198850275 -7.83364278929894 -7.053426032847101 -4.537394548966778 -2.338141484358316 -2.2966684769430814 -2.290961734546164 -2.1366438997282864 -1.7251437793635518 -1.728193409427137 -2.3144082783572166 -1.602548982857078 -2.6266811408115602 -0.7369593665453954 2.9908893446482874 8.743291257613407 7.519151284059009 6.968060123543774 8.011407712904774 7.0731416773199784 9.88622853377878 16.891347091267722 7.538798811187001 3.251600553723432 3.8998268370065463 3.8828422335559205 -9.511301364570501 -12.538916072149014 -9.850863735568037 -5.195153634747064 -5.78047765901579 -7.853323023939131 -8.133924950834754 -8.281771481657776 -7.756542068822663 -6.964829077690432 -4.436806858823147 -1.9335783412025138 -1.7912576539724077 -1.6403832790742405 -1.4311075988065125 -1.2140946455735258 -1.103514260274358 -1.2309090546793648 -1.077083397355431 -0.051188121748744306 1.558205480491868 4.160584067284982 6.807391024396975 7.116629494186261 6.918182189910892 7.061163797676818 5.240388650174746 7.579772016452978 9.632180676596795 5.103806817455804 0.11740965557767162 -1.5787422273290272 -2.8623981254142175 -6.433894284409919 -10.135516220923005 -12.00814057438398 -10.441967298325094 -9.284482496572034 -9.147345159160928 -8.647696727522417 -8.305006683546466 -7.590617094436576 -6.776508058271876 -4.256376022809524 -1.5853283779658618 -1.4191165809102122 -1.2212422386428934 -0.9392868623939812 -0.6296424404924356 -0.32785288239283894 -0.07575310705045518 0.3776059535606323 1.2856233506137553 2.5639022769035145 4.114460309047949 5.4337213590059275 5.93879184669282 5.722820388670837 5.513671454377937 4.98867471046389 4.465566832945692 2.841384953127361 -0.626562054604664 -5.82889752928719 -7.2260447323858825 -5.149541271070445 -5.655194661201769 -9.841216367208396 -12.718555563178036 -13.790832578390615 -12.324407540490746 -10.492602218214829 -9.195071658775651 -8.2584227684801 -7.324413168459466 -6.492421272102737 -4.01009396275037 -1.262865986978639 -1.0828821186512925 -0.8843453571092581 -0.598212984096725 -0.27384224064355317 0.08585666922051151 0.4680226095498114 0.968223803887153 1.6907312690381575 2.5630937407147383 3.5011997903022993 4.307928069871962 4.776462806514447 4.804871720164766 4.325355388557914 3.520440653879852 2.584281873429638 1.0977175577973934 -4.186280386276512 -10.003865460243432 -12.10513606892643 -11.759480494179732 -10.785144861102026 -10.44513376192306 -11.87643419512135 -12.716774579861127 -11.853287334604888 -10.403444963206278 -9.058121647473978 -7.938618798896302 -6.940090980324712 -6.1106631536968985 -3.708294107757852 -0.9824115901575177 -0.7896086314053606 -0.6090623403806869 -0.34913802887705436 -0.04884902813567749 0.2902740440505503 0.6555753421069018 1.076015617500423 1.5859149306119933 2.145924215571867 2.711958263787928 3.1929023931447276 3.4974734663748417 3.5292697281944916 3.190723977473628 2.3220501112786573 0.7667134291778841 -1.6335270733726408 -5.1864088827302375 -8.506325291461549 -9.977111404633703 -10.28733019915669 -10.332046544117247 -10.536727977308598 -11.137629199147934 -11.458731411657888 -10.84503454602741 -9.740676218102244 -8.579464812537358 -7.501720273163853 -6.523926142152202 -5.708984168240617 -3.4022577893926504 -0.7403461096713874 -0.5280130779005068 -0.3590934201456707 -0.12200973260703503 0.14724175641809523 0.4449938732004484 0.7569070747330086 1.0853605043680932 1.432228285724806 1.7723135752128036 2.0805604114099503 2.3093534443331105 2.4110814412218824 2.317176387293905 1.9591950041550454 1.1424700155578473 -0.32692944121313694 -2.3758550742792752 -4.929576889800245 -7.2916317368021195 -8.766238292486133 -9.595000285096996 -10.022106266360685 -10.254480284429423 -10.497922682039519 -10.47523404601678 -9.908632876202208 -9.012584863734753 -7.993160074040845 -7.00125610947115 -6.070689111562646 -5.283713279546922 -3.0922916122830677 -0.5577197551541085 -0.33128479512170483 -0.17164528236685805 0.0453379961274553 0.28411628922493276 0.5387906305087579 0.7919972062733223 1.0391968452128906 1.2750206131155801 1.477717437795301 1.625516444767082 1.6816572271245156 1.6094229544122123 1.36973650869265 0.9235802940977037 0.17832890561569767 -0.9584350308986896 -2.432707510584643 -4.190306560371882 -5.915407264394836 -7.2923017740766705 -8.334580518315743 -9.05583082090998 -9.490280529050972 -9.672058106169217 -9.54175915410876 -9.039431442923176 -8.284417031998982 -7.3881578503918 -6.489571696990303 -5.617455637048193 -4.868504005139482 -2.8055772672100283 -0.17924196653435603 0.02381578167740164 0.13758303611727127 0.2793344569104094 0.41985292249439493 0.5509043539730145 0.6537373567616839 0.7167598858733611 0.7276240963050956 0.6754836704073482 0.5494352703878062 0.3396468732251362 0.03628645231528478 -0.3638865331784029 -0.8641148266868169 -1.467270031234135 -2.176223822777819 -2.9629989471123657 -3.7996150452398325 -4.638209777563222 -5.430914758756959 -6.114207869751285 -6.62456067415386 -6.918784916605489 -6.953661636273171 -6.7646858191164 -6.386941064557771 -5.861958984122597 -5.22552005326326 -4.574179408843697 -3.924384746773288 -3.3626033088817007 -1.8595532861555963)
(UseCyclicTransform "false")
(UseDirectionCosines "true")
