(BSplineTransformSplineOrder 3)
(CompressResultImage "false")
(DefaultPixelValue 0)
(Direction 1 0 0 1)
(FinalBSplineInterpolationOrder 3)
(FixedImageDimension 2)
(FixedInternalImagePixelType "float")
(GridDirection 1 0 0 1)
(GridIndex 0 0)
(GridOrigin -121.91206064225669 -102.71077450417393)
(GridSize 31 17)
(GridSpacing 80.37751403872656 81.44328102029249)
(HowToCombineTransforms "Compose")
(Index 0 0)
(InitialTransformParameterFileName "")
(MovingImageDimension 2)
(MovingInternalImagePixelType "float")
(NumberOfParameters 1054)
(Origin 0 0)
(ResampleInterpolator "FinalBSplineInterpolator")
(Resampler "DefaultResampler")
(ResultImageFormat "tif")
(ResultImagePixelType "unsigned short")
(Size 2168 1113)
(Spacing 1 1)
(Transform "RecursiveBSplineTransform")
(TransformParameters -1.0813119099795785 -2.189055859918579 -2.638584004079493 -3.1125432131989035 -3.482529771514507 -3.690423678111544 -3.5996391859960837 -3.351736100178451 -3.0740482115024146 -2.829189994056145 -2.7031795579792837 -2.7015013891547976 -2.847044306364142 -3.1466998834699442 -3.6430837774735654 -4.241234557685721 -4.842181940116273 -5.3990642562826245 -5.864247391957427 -6.2308051722837385 -6.49234182330318 -6.653993158299788 -6.718012789713981 -6.704024064160874 -6.6334080383764915 -6.481046062848069 -6.218854094912202 -5.913170143069215 -5.539660112165393 -5.131590339027906 -3.446689943414199 -0.5364745240018741 -1.9592659409195439 -2.594313787992392 -3.3038918160040525 -4.155740813769275 -4.90830161737521 -4.631098895387402 -3.567309592607754 -3.1200499334246454 -2.790306107383299 -2.5670239424418972 -2.8502454268334287 -3.466773848654864 -3.8980188584241273 -4.595387783032608 -5.420770639352083 -6.012896432512785 -6.641213602509228 -7.075561159343299 -7.337345853747821 -7.26112273875644 -7.4845694819528115 -7.521268790334002 -7.487381466030928 -7.604858579674179 -7.0184187472145325 -6.563656040764656 -6.651832167456927 -6.448787764890758 -6.137408374283643 -4.413247136718793 -0.12786226744886003 -1.530134562545573 -2.2027256229298335 -3.82485973013236 -5.431607388332261 -4.791762525561096 -5.957862856208837 -4.711702010829431 -4.4080126751808 -3.149694207584758 -2.376945525107387 -2.773459061125735 -4.270458251090003 -4.7867986315902655 -5.254718238837977 -7.8350848451532 -7.010773027417714 -6.933859829301366 -7.351888233012804 -8.857962362902782 -6.794870370136794 -6.206849269601325 -7.632410986301825 -8.68550095061154 -8.656283342776172 -7.6243506469657865 -6.132936476573916 -6.45295443215177 -6.258047892240441 -6.097086621578339 -4.515161876542863 0.45321209949108254 -0.7903428043631939 -1.5991391079287043 -5.301191108465171 -5.432831395911079 -2.213999235937546 -3.0704314661432734 -3.922331054545537 -4.767673723569394 -1.614440586212682 -0.031848487167083724 1.119921375899501 -1.6358931380628643 -3.3014390014460817 -5.733658675678908 -9.687296775579682 -7.989727049849804 -4.907163751994627 -6.944616775511261 -9.685934245857304 -9.202775927452171 -6.324723948762386 -5.310025177318925 -6.356600732600378 -8.993563583097929 -10.881595921332826 -9.409215252753132 -6.195403773032531 -5.476292327389031 -6.021295806938368 -4.578972415365525 1.1339534364523247 0.2376374811044652 0.07495732085764685 -0.6047837384888214 -3.476220129253992 -5.537531486276427 -0.7068579532190618 -1.688381981675915 -1.8700701770390602 -2.406053000248488 -1.4407308337602724 3.5719581806557126 0.6786927354681651 -2.366199896227362 -5.205841632512348 -7.785094983935272 -7.179728980403218 -3.743582524825221 -7.12459240788112 -5.557679372308563 -5.655042775771057 -7.615628339798243 -9.710480514383178 -3.046268062478529 -4.446295733519156 -4.319752131902382 -9.865525535662899 -8.865989327840802 -5.833018255462343 -6.172880812971727 -4.684701270638011 1.8667687329686269 1.360581171428702 2.9091336567551043 4.325442495497975 3.0039281110550418 2.050931029843181 1.836032324548372 0.8509393470051398 -1.7612886340534402 -4.116352927475962 -2.5983357130735265 3.804511946787013 5.654518722115903 -1.3470345443314673 -5.374779937754754 -5.673206777932334 -4.609391462813107 -4.578075774625326 -4.759576356178955 -3.8913050404236533 -5.968863103927021 -1.6369348410588023 -10.937367755753346 -13.214420117516726 -5.30586465861886 -3.4180557373832867 -6.068188326615819 -7.666167986311542 -6.019470950305888 -6.401126565912283 -4.808328248646595 2.5766478010583316 2.334143633927479 2.7473908848513107 2.807668569287342 3.814653975156621 7.438008410011713 8.059961500212665 2.2806467097163448 -0.4222016629092273 -3.535022830574409 0.1583006179698835 6.668974562236344 7.890749646124814 -3.4898011179384962 -5.446975339416073 -2.0427923701766426 -2.4365480744552523 -5.318850849102278 -6.719891842035383 -6.086822919051142 -6.405211209789972 -3.1936391085306894 -8.903233126710292 -12.216453809713144 -7.958075287040357 -3.8347034095309565 -5.910052208050675 -8.361369815671397 -7.951704184825142 -6.609101273886779 -4.872209924063326 3.2033672167659053 3.1096784320123496 2.724705614337944 4.120424658082529 2.9721958355318043 6.812050235909644 15.079817522121838 0.158411158400988 -1.6594335543559842 1.2949012161181221 4.626967387890684 8.436234598363985 6.352385540616947 -0.1517388255274755 2.0464379454072517 -0.5119458752177646 -2.21138622384895 -0.9106001125942408 -0.20915616854623287 3.7947970221745178 -2.7055402023954183 -11.373047798478757 -7.316153392137954 -8.286506786320121 -6.7580289749459 -8.065798843772589 -4.818551599757241 -5.812275423649823 -7.394227899904502 -6.6008142849262095 -4.832393292407878 3.6850743421170082 3.984882943875656 4.923387103786107 7.2768698328922845 5.527780843311492 11.02497720089179 10.328941104325734 -3.495079578941885 -2.48496566894767 -5.899464346022145 -1.0743174470944357 8.18972274450872 6.6177043729091976 3.43916433500858 9.791094890439584 8.738280758108402 3.9768685452406736 -1.6009594100707873 -1.782744283083016 -0.2747545779656217 -6.8826843098277175 -9.910921428923073 -8.401801167220768 -14.740919481197169 -3.398302659153988 -13.987067489629805 -9.890099806265368 -8.770472283890243 -7.250754155639437 -6.367815150333736 -4.641089138584485 3.977446622467414 4.659684925676644 5.095037126361123 3.824715625375289 3.5969553886294006 3.120094610877045 2.189231842529614 -2.6547432515555816 -1.0740598623944249 2.5276640365929652 1.9479355432332814 6.668849279290011 5.548561486151736 5.37433840837056 6.995013967750775 3.679935336610451 6.151534150860923 -1.0978780408408422 -4.234412883625549 -2.1911645419500854 -0.7739329158806175 5.455530432903122 0.5894440503486351 -16.337354773934745 -11.41908827021996 -12.461243395819162 -7.554295316542199 -2.465232210742997 -5.173663886322237 -5.874262877538498 -4.337528302248189 4.034937970176027 4.431389586461516 3.9808222677703258 0.783476054983101 3.2196630170554075 3.273989675179135 -0.7966533294938541 -4.022804416416407 -1.8946814330143813 -5.573068316728993 1.202742303021645 1.7937466078931261 5.755001657218468 3.131891318521725 1.8536870001414019 -1.9537102098446049 -0.6199861439520696 3.6773558427522706 3.4209147861801954 4.897035957995158 5.808441441786851 20.854517608661684 25.21797882436631 -10.625328559835717 -19.084590818438063 -8.55177228767101 -2.3504503328306994 -5.682109231426424 -5.216767836041114 -5.075194848673772 -3.960333275968289 3.9122959415873493 3.9983004038122716 4.345800596951127 2.254515809849355 -0.404637433671426 1.3937785250965367 1.8241790629404318 3.0650360203359446 -4.4059268750862906 -18.189730005474054 4.428408763444346 3.9703301931572983 7.67389684231434 4.706717788512237 3.2438076521634964 9.146821018600848 10.996801293860305 7.520432364530533 3.141429083649179 9.294200986012791 14.493448969113173 33.032969956072094 27.89986411049908 5.507662497131678 7.627642674672132 -3.2979064139682768 -3.4743609909282265 -4.1417801932177385 -4.072785755220295 -3.972460228925883 -3.460765467889914 3.6603439300225404 3.080312331156227 2.596581090455112 5.155584645170134 6.567849905610725 7.716165683530871 4.2240659637982345 1.1001538657798628 -3.718704485621547 -3.550313426003348 7.461930846830695 8.291747094801822 9.571018735338443 6.303337012951535 6.161724360546848 9.991490669298726 11.809768260169738 9.69525218502902 13.340901060224441 13.620050482534793 20.29578705118657 31.95606069586408 30.81398643436326 13.30488286886579 7.415007036536781 1.4628266989082135 -0.9526462944863482 -1.778842036385374 -2.312453431126698 -2.6199514577225895 -2.785145492172625 3.3617803079624236 2.3198872168489664 0.550492597449383 3.0549492906014106 4.5528832366829475 0.07543490357360738 -2.389448642056333 -0.7080975302932858 0.9744068460332715 -0.16716587685739118 5.674076482223155 6.779875622861842 5.903933829296381 4.596368306496306 7.445258144057034 8.907984700886697 11.181016627207237 12.659758388780084 19.214429231264265 21.274692219458977 22.746060842700782 31.904336226268924 24.092503189390584 13.388164877317877 8.359313312045 4.4101221996829 1.951275082689334 0.508602753274672 -0.5300197286288417 -1.1868466608205033 -2.0149846235065416 3.051532991578418 2.1370536386669077 0.9514234811513286 0.5304468496887438 -1.4351990876657164 -4.179944107673716 -2.881658877565 0.41618069656916695 4.008247721922684 2.4796639863130054 3.1791181784894333 5.106810173097134 6.018450855806859 6.0870721862432315 8.782903879978281 10.964997344869614 11.308999734569333 14.308502782807503 23.33193827891467 23.76258247821542 18.924726855877108 19.99209082281165 16.68737153277311 13.073099972618582 9.63651767821885 6.4330326639160935 4.088588114942962 2.4129912896078203 1.123927520576674 0.2499109313367792 -1.1633362249361934 2.76663886476651 2.014483189260268 1.5247304028699706 0.6784735329572439 -1.3545920704160352 -1.4371638610354802 -0.7554064882429741 0.4210605216210978 1.5041715082968212 1.7109230770560935 2.3848757851738585 4.61916266678282 5.930431287010881 7.13236488265127 8.759129459725276 10.280231512756197 11.004535010369006 13.201697126140882 16.17656334867548 17.1695405476404 16.68080946535779 16.433760342370366 14.982750271160212 12.702931143200082 10.06554221693176 7.488095145566164 5.385491164477239 3.718028277485004 2.351059534316685 1.3713879377639473 -0.44681811664113746 1.8848279358781237 1.3095443009540741 0.9473841542124011 0.5069358263937722 0.08690041378026614 -0.07729490173205934 0.07326374690754697 0.5050277925309652 1.1700273783798194 1.9432889006856546 2.77449464658468 3.7636395301203365 4.8337316677217705 5.986671730350248 7.143301890633367 8.31736710534544 9.511794989074385 10.684905569185528 11.739953151399952 12.509195311974002 12.835716620866172 12.660188293384339 11.92587871516397 10.794245104877476 9.426078370105085 7.959502142133486 6.524634467380195 5.214516466962605 4.007494491898494 3.044888416947637 0.8715026744049857 -5.543659244178389 -7.880385460125043 -8.521937869554636 -9.105766558050126 -9.516160228142397 -9.761317181414547 -9.659406541071988 -9.44467287186286 -9.224047543081847 -9.078320561895387 -9.153404572562161 -9.367987775412198 -9.704681207446543 -10.060510367347726 -10.259912378385108 -10.425233985633014 -10.622787697601986 -10.772776856186555 -10.800883368154436 -10.651523949876545 -10.269881566038888 -9.681778935063514 -8.896213619219658 -8.044198426372565 -7.251951940190737 -6.56010285903725 -6.001368920591758 -5.557194104942859 -5.126672311272915 -4.715644115592563 -3.141824120365951 -7.418324000249865 -10.502339467695283 -11.349779582543094 -12.096668507346365 -12.925002732044607 -13.559460975392652 -11.487370497397754 -10.71922852498913 -10.009193273287249 -8.623065036546448 -8.714727653880438 -8.66406714832665 -9.990835322288884 -11.570959538649022 -10.392290313333612 -9.923826053851261 -10.360233658393149 -10.480551870447062 -10.478142480629357 -10.17371104454985 -9.352997264439402 -8.89409340830537 -7.658155588072452 -6.450834387978761 -5.733356652801593 -5.407165490790107 -5.151976035581114 -4.796590085632376 -4.806944117241163 -4.77269648413534 -3.7355324299109256 -7.78956656462013 -11.008619651503299 -11.935868762220487 -13.056272113423875 -15.386063601997334 -16.411138691953287 -12.020077371577866 -9.98472791519997 -9.44257723572296 -7.458669856815433 -8.706247569591918 -8.513179113789445 -10.395881741631152 -11.13070361709551 -8.413266781582548 -6.228696077577599 -8.105164798579944 -7.7599899492327875 -9.336316674385788 -10.402932233572459 -8.710536480474845 -7.869246024839168 -6.293594333396416 -3.265279014561774 -1.7501798514671483 -1.0310539097471776 -1.821209712664244 -2.8689344178801357 -4.101346091642272 -4.413830463428091 -3.7892226632312953 -8.035654550810046 -11.245862636994053 -12.247322333856888 -13.94779347134831 -15.734759782225915 -13.932064017737627 -12.786308596116095 -10.277479693479473 -7.5590363464418475 -6.623436031432072 -8.373131902520877 -8.3202629987934 -9.162039709972648 -9.179101378571755 -8.006878391372695 -7.519380379339314 -8.061941867644986 -8.366420725088384 -10.409253241388155 -7.257099542946528 -5.14108072149864 -5.8595060067781075 -1.6708327154840066 0.2573834168440512 0.4752723852790861 2.598548898116201 4.125588530661086 0.18383065449119979 -3.1477388606309935 -4.04955958230271 -3.8786185322286792 -8.106344906812593 -11.061938633250348 -11.972000112501433 -13.87320646854577 -13.713761167051556 -10.767938482863995 -11.6317450881225 -10.017519293084645 -8.610524199843773 -6.930981675347242 -8.702456290138917 -8.8537991303647 -7.443313178854206 -6.57966503718572 -5.112924995194016 -6.739287337269179 -7.926513127313549 -13.632777565768269 -11.627294825827454 -3.345585552968236 0.01922503618123009 1.2662327503833215 5.086629298646231 -2.8301211826696684 -8.888505502087618 2.247116049686213 9.82970359819862 2.92845332609628 -2.880018664825445 -4.024895633416193 -4.119867113430618 -8.033192548529918 -10.569815522150297 -11.260855173037976 -13.479797944739556 -13.007555510899273 -11.505835591186349 -9.221290802059206 -3.287952639180039 -2.7285027931296413 -5.419880454459562 -9.619767712769915 -13.828352625486145 -13.119916135818652 -9.753326979743079 -9.730598350447492 -5.4482303389232865 -6.3034572590692335 -8.52759429696235 -9.178772680911491 -1.6607043462750422 5.1470604098614325 1.3031249190114462 -2.776510787346741 -0.40686322887615267 -5.6840276535918886 0.5791677687216076 1.8894492040719846 1.7404518376878744 -2.6299971352617146 -4.309354661260625 -4.4768454192910045 -7.745194384643289 -9.741917527023325 -9.74962673758597 -9.264888222178667 -7.328004189152094 -3.9037137185722597 0.010583512013405927 -3.0357909293947363 -2.184127534188402 -3.625549605297589 -7.995174006033718 -1.8542340149688468 -6.650001398889991 -2.443434222639555 1.1755000419978185 4.747688288604647 4.16795575537831 2.5034591047405828 8.2785739112296 12.993963365317546 10.129775352241625 7.63722714106164 1.6823988306470143 -1.616465983851947 -1.676574080732338 -7.321487945528309 -7.238104629452707 -3.1775835692789336 -4.5168840416703375 -4.906889872717891 -4.8804582488531825 -7.312168045660883 -8.848643445081839 -8.584695327644654 -5.987311473868461 -4.324985946035971 0.7133223398553233 2.4934987697508486 -0.25705639557205795 -5.004743820965098 -11.416756032397501 -4.974219514507024 12.611495919773688 4.868936897217941 0.13575741080170337 6.38180300372533 9.377574100393339 11.315560426600134 14.042230672124099 17.18632546950785 9.823524808901494 8.980465749711227 11.915759127701023 11.602134971885638 5.368286399368281 -2.9928948064309204 -5.873314369265692 -8.259071876918345 -6.546806223272067 -5.368360271324871 -5.237427687557396 -5.089798831223059 -6.796539065838895 -7.986010996904691 -8.036363088186157 -4.642179601688219 -4.132930387123388 -4.0461286875015645 -2.4092785334717126 -5.214375610969687 -1.28123064130948 -2.636774641087122 2.128254179606883 8.412681313487722 -1.786613016509262 0.1826749042397356 9.794691965438288 17.21267851997871 22.570847449925626 19.348253849164298 18.801061674232436 10.048754700020453 10.677816309528236 3.622533846918122 9.843857173688273 20.351746232947555 2.5201545460868195 7.183126635341722 1.5756468693189523 -4.385071151183421 -4.5631323088230324 -4.718381582552794 -4.861557834065806 -6.230327378858611 -7.089183595501631 -7.29774975014679 -6.187291429798724 -4.550257756030447 -0.9948223313780616 1.3903347105019583 -2.2764134503299385 4.544319472333979 7.9737716354066475 11.160382803986082 8.673222598310065 4.3802010192519765 14.200290887368466 24.70230458238487 21.09309948154028 21.44230025136908 24.656197592276882 22.831818060066077 19.450224740203772 14.650295992643379 2.9843237485276717 6.215949245784913 18.323416698045186 0.15183598720638156 2.5052899190084044 3.3534904158834293 -0.9163450214511357 -3.199225235162472 -3.421806460100861 -4.195758288226293 -5.644719233377252 -6.360740980345957 -6.832824260524349 -6.588862048758271 -4.478806566228228 2.381978502065747 5.047801013362401 11.375652265488755 12.095030830086136 -0.3558827822282736 7.496852010265933 6.311323695499232 10.995197318279935 21.86248146932689 23.592500099506456 16.288735728019148 9.46083105138063 18.1196882838428 21.222061844462594 23.052838872871213 18.332816038631385 6.68915121449291 7.7196682028782275 13.993585639037454 14.207241537609423 1.2731668809251642 5.206344600195445 1.146492244275984 -0.3012079857608343 -1.3732965980736842 -3.0920634542415195 -5.035206677910369 -5.529838550806634 -6.125752444353184 -7.574219523215482 -8.329276550311992 -1.9069930479881048 2.4333298449077607 5.448200806351552 3.6415236183889013 -2.403790037609137 7.3917444969302 5.950883756863229 8.785878500879154 17.773211284817595 18.199427903018524 14.789317271228969 19.90669752498381 25.227570994482488 27.66427676532177 30.163971004851795 23.82642032546991 20.459857822324278 22.860548093042695 27.039229932415 35.45055873090959 15.212599610967604 8.95917434051002 5.369333444577561 2.7760038809836214 0.9832260456368425 -1.7638722683695143 -4.392443487721167 -4.814516265591205 -6.570506620657317 -7.863623970038767 -7.062447219993137 -1.1972334902108734 2.090167082279618 1.183804040189325 1.2733553291194064 4.657126694250208 6.256402937684114 13.559752953801642 14.502880726277132 13.517367835513458 17.27576678587147 19.748035435471582 23.15820342846709 22.136598604567535 29.547585098910297 33.09689555288658 29.683843719986886 31.21297847582723 26.08864793015046 25.947378264327035 23.179263844146956 16.112293191386375 11.773612020145062 8.333500105463767 5.392906734597372 3.2466840066108538 -0.4221284676481565 -3.77563128736722 -4.088276764520536 -5.185471221902199 -5.1092052012687645 -3.8706045617819216 0.3281777990630167 -3.4557742425008033 -1.6504144277210957 4.856215161063094 7.171670636532024 6.720789514465874 14.739817106510012 16.397655134540354 17.665587200929703 17.9386217993703 20.92048513915306 22.578947632645097 19.575212651265556 24.968452254874457 35.02134830494022 42.21486061802 44.83604689097326 34.64973920297657 26.405531762571446 22.322142601835125 18.25649659345621 14.338523306625003 10.80956377806632 7.643838713749841 5.242114723955577 0.8287320834402198 -3.176913986628051 -3.257590964947524 -3.2161283238041087 -2.93163456088801 -2.3789135926276663 -3.2016554968255964 -3.8237005077983315 -1.2818946752513192 3.5314106557716176 8.422256996842446 8.432327178802067 12.161381633323193 15.21196604528698 18.29128207869507 19.40726733005278 22.12408569944204 24.12573233704584 24.47427410344366 26.011373483516813 32.29169823406824 37.38244048035738 34.97039862857179 30.079579611789658 26.408078970312495 22.956395989215697 19.34717537803432 15.723817087610025 12.348138325288865 9.226075477855087 6.783092507316042 1.9183887304334197 -2.674178948464875 -2.5271149309266883 -2.1677251615237227 -1.848361604258783 -1.4781075571843532 -1.0809257027884274 0.6282108230443147 3.0040890952689687 4.563499567396655 7.0994053610187935 9.220349483214815 11.615550809136108 15.120910253953838 17.563475832003643 19.592061562225812 21.67209182392911 24.057973942682057 25.696844326439738 26.487145846312256 28.669794003300044 30.040942477952765 29.73541092595195 28.028928514309854 25.470207271640522 22.536163106686658 19.369788675049904 16.099494537312015 12.991932628147156 10.051284821244288 7.696771654864296 2.6705026512378525 -1.4111259432177472 -1.0507586928549961 -0.7021307249689273 -0.16788930048547634 0.5248942731459046 1.3753117598365985 2.3812639546565295 3.5576903336686274 4.909748362628679 6.47848916172096 8.243246161668758 10.081453056600685 12.016275914629905 13.870004353268651 15.633979226267309 17.287104267856503 18.804513792407167 20.161655318039763 21.319460759215332 22.17939821712381 22.585354700225757 22.37747868501034 21.413668162179572 19.912166319036114 18.089192602313403 16.03426613300082 13.82060095347476 11.66041506700793 9.53468314124139 7.748470139403411 3.3839905096404967)
(UseCyclicTransform "false")
(UseDirectionCosines "true")
