(BSplineTransformSplineOrder 3)
(CompressResultImage "false")
(DefaultPixelValue 0)
(Direction 1 0 0 1)
(FinalBSplineInterpolationOrder 3)
(FixedImageDimension 2)
(FixedInternalImagePixelType "float")
(GridDirection 1 0 0 1)
(GridIndex 0 0)
(GridOrigin -87.67100759500319 -109.02383028917838)
(GridSize 26 22)
(GridSpacing 81.04429142976394 81.5371543493788)
(HowToCombineTransforms "Compose")
(Index 0 0)
(InitialTransformParameterFileName "")
(MovingImageDimension 2)
(MovingInternalImagePixelType "float")
(NumberOfParameters 1144)
(Origin 0 0)
(ResampleInterpolator "FinalBSplineInterpolator")
(Resampler "DefaultResampler")
(ResultImageFormat "tif")
(ResultImagePixelType "unsigned short")
(Size 1835 1515)
(Spacing 1 1)
(Transform "RecursiveBSplineTransform")
(TransformParameters 5.090938651847739 7.358388789813333 7.904290709311382 8.701349502259017 9.37464559932057 9.900613724410606 10.23736565187509 10.503580998746672 10.650345620744593 10.467721504803409 9.826789752496936 8.573416228149503 6.791515150624713 4.841755255788128 2.908083719848762 1.0644778373185306 -0.5873281053903121 -1.9214589210243638 -2.904845814984245 -3.5978859052105836 -4.035293968192886 -4.242858156589104 -4.273192263233772 -4.144091909921384 -4.031344983766342 -3.063956969719811 7.994712668235234 11.766181627401446 12.800718181293435 14.080661893063391 14.9367926406138 15.408442809869966 15.361677357453347 15.090099885028994 15.581315961563911 15.508984754770728 14.903318164518916 12.298298632516282 8.815873678459306 5.400313590320655 2.2368058144565164 -0.6742405404881778 -3.2248621828004955 -5.268312520303026 -6.756526217374432 -7.733860298448478 -8.236425568490116 -8.294426284830179 -8.013999989171975 -7.451248652483677 -6.998259775236394 -4.9634258420576876 8.807994512794052 13.30066077276876 14.704401057924715 16.26888832781004 17.116999579005967 16.997777974100753 17.120537521910414 15.935484003197626 17.03895441284232 16.940860564488766 18.374290258961956 14.516861314128851 8.90391447040201 5.06370735546796 1.7065070767144097 -1.3863956023754556 -4.156815143882179 -6.46599062335035 -8.224269506012398 -9.354258600299477 -9.861814847653118 -9.817758527437531 -9.362634356610869 -8.571395795578137 -7.932804381701727 -5.47542139941537 9.893745209969918 15.55531498135995 17.693852754758844 19.999215666503883 21.777711800923 19.285824840251127 20.434387264298813 22.84613530335479 23.379945076109237 18.973654375357317 17.114027637507654 14.87293580417209 7.837564135580104 3.495735836348722 0.5775072706332249 -2.3098544976764805 -5.269849749522709 -8.10104153249906 -10.540038395802156 -12.046852021077644 -12.522049326855429 -12.252381374417693 -11.479251289921871 -10.282732826213172 -9.304858716281696 -6.189721324987271 10.715363219107328 17.560720147244805 20.63320019608806 25.13862660173874 29.118052654653425 25.996430534530113 25.977490534815885 27.019501350301823 24.644355021723186 19.55359297548611 10.668383794068863 6.313687188951026 3.514836899407221 0.04450581818249921 -1.0174428824374762 -3.2191881632961947 -6.0732087231867204 -9.514635913229435 -13.072596351055052 -15.114804843148356 -15.492138184854815 -14.826886199521951 -13.581177511416755 -11.883820839315149 -10.518927989791349 -6.766229118257351 11.210314953454308 18.747211914883728 22.77382338504565 29.754669662598562 28.589988963767713 27.924574345009002 28.10482610325991 26.98234536578376 23.53263481547478 15.306873081472178 8.769081927574105 3.1174883388862744 -6.539431500014591 -4.343043788987695 -3.9125527256556434 -4.298897176605687 -4.299639699132479 -9.27617319088501 -15.411299694041647 -18.07607309322175 -20.991984836633794 -18.252371362688653 -14.642128948730917 -12.963542414980665 -11.355501902616922 -7.156231067355275 11.290059239921359 18.736631421070573 23.224590207200016 31.436784377847616 29.38997030602727 28.13106761426134 25.287480779397537 24.79697726519437 23.59868594957088 6.387014626394081 1.9307013851012982 -1.1550043280849942 -3.3672723319934903 -7.063264654880983 -10.719594900869343 -7.954809505879051 -1.2267969247355908 -12.625545089122612 -19.73585490790457 -16.36755004714193 -26.82893949985158 -24.051990394112067 -16.774869717917117 -14.172371913377201 -11.666674395698434 -7.310997817753149 11.02678141477223 17.402786690783042 20.537617293797766 26.747811849456724 29.989772571338104 28.949343386166188 23.229489150683968 19.71493011186174 16.89615884057485 5.524467076198829 -0.7470906999872378 -4.819825566206183 -5.303493755025084 -8.64626233517176 -8.985464669870046 -13.047928848921154 -6.093080082052025 -18.31455759024907 -22.281314231696303 -16.828353245315345 -19.649236404432656 -20.29199399279772 -16.741804605034744 -12.566647323016353 -10.96688019002407 -7.2967787627808685 10.451399160957763 15.09046448685885 16.552203663882914 19.64841893771333 21.732210103351 20.84649437068547 17.20011430324774 11.469414958532218 7.433528566161096 3.756953224723122 -1.5266317475116817 -7.667491715684812 -11.735415178265269 -11.81965382100372 -14.168528311789597 -17.8884255768215 -14.428559367541324 -13.493989598767042 -13.639988030799042 -15.439727204501361 -13.91295880373452 -13.092042195100559 -10.521596334213934 -9.562750580243414 -9.809386984266082 -7.162560201354026 9.600745299775625 12.929061595473884 13.144968839398112 13.105072453858437 14.227894710645248 16.053761553554978 8.546593845147768 3.2743740810432542 -0.09963043721110056 -3.3319758354902627 -7.1243125288652465 -11.855637915108078 -16.41976328546586 -19.398155054976698 -22.31960975588354 -21.346728243891196 -21.467741164789935 -21.238053762749026 -14.087117867475444 -7.554786532699225 -9.280266008274008 -9.008679813324612 -9.958044216846645 -9.242006104943796 -9.21956478786001 -6.986468183977679 8.502842001447409 11.180228285316954 11.334241109008186 10.879053429017885 10.768205435110346 12.17765633409287 -0.36807753954414224 -3.1946530563704783 -3.5426902154634066 -7.270191725395299 -12.363145207505875 -16.382747784898434 -17.271699285981935 -19.857514017967027 -21.976194990921627 -21.918369120852173 -22.037308483696105 -25.375913107855034 -19.352982912136355 -9.731187966933126 -8.095661705271931 -7.931428302034349 -9.264303215812207 -9.335001879544382 -9.255390835664253 -6.792231372835909 7.162666861970038 9.372162065841088 10.922864276467315 8.791741658551203 6.976363663552924 4.484702563836066 -1.698357719075517 -4.812983643601705 -7.141200807229578 -11.110221618697626 -17.601340095843884 -21.818759033068204 -22.10358186284518 -22.319588169208053 -21.51963293557801 -23.561768364443196 -24.10775173419069 -22.641427823315233 -20.555321098094286 -16.589385062668924 -12.782469286286249 -10.513671802967767 -10.30394718248328 -9.773290991233756 -9.369796304571963 -6.551166732978878 5.647104610576784 7.078980722559096 9.194589169265793 6.341790058671436 2.610758431993627 1.2152556322908192 -3.599362138044249 -7.540873689111735 -8.138822345576619 -12.938861569046619 -20.776704546857623 -26.77242723413907 -28.388913887268274 -26.72461593094988 -25.224199270546745 -23.69248498860987 -23.1187279633734 -23.346299025398235 -22.344333420190885 -19.345677039356826 -15.491933783395014 -12.589598627389043 -11.42849248721913 -10.128407152968421 -9.363097987573363 -6.2590521498201355 4.081835861787276 4.0912651778297215 4.129707398850823 1.74821395319075 -0.47007969418875784 -2.6346381859944357 -8.592164656738083 -10.466115775058459 -11.44113501951064 -15.8322542524019 -22.20571979106952 -27.588726574020736 -27.900420959216937 -27.31276288035106 -28.312416034620295 -24.5605642057194 -22.972568853679245 -23.55659547047805 -23.425016452724467 -21.29265782079465 -17.45102766537782 -15.26321220768275 -12.388103993658653 -10.210352433860734 -9.204334670059517 -5.922307771819809 2.5800096136603763 1.0180996379498823 -0.6897179292957802 -2.7176240244475736 -4.352864151205591 -6.664819492169078 -7.1299020729063445 -9.827078471141387 -14.589599239336177 -18.814197843791828 -27.205137611069258 -31.116410139361356 -29.186941515931895 -27.236341809234705 -26.66448801394265 -27.019601476796144 -25.413405242405787 -23.682562967585174 -22.555123737285324 -20.49689304561754 -17.086069893443184 -14.930379015069589 -12.118030954048947 -9.990839204612493 -8.880332540336083 -5.547814311565091 1.2948091754999072 -0.8204201876421322 -2.6663066096341237 -5.004760251037543 -6.71213524312627 -8.052807009915728 -6.1746287803348086 -10.568369125540382 -15.304795242970561 -20.984579848800983 -30.78984219068753 -30.34704531414529 -26.911544465950232 -28.974859718281504 -29.4207374930648 -28.18998002416868 -25.539185414583052 -23.05044490938432 -20.91708840776766 -18.5196225800492 -15.983163773177234 -13.54761658362865 -11.423951043593991 -9.592776428792206 -8.447407384089125 -5.147074663891501 0.29971341536088697 -1.9394756887478481 -3.685921485263716 -4.792981663868359 -6.1482821283533315 -8.425132562592905 -7.909080225745203 -8.093484592325519 -14.508097937786435 -22.063775168005186 -25.798925882029017 -24.85131845125929 -23.489675519288618 -26.542096760790848 -27.219815895560988 -26.732912212200386 -24.827473549411483 -22.179546505832665 -19.970677849108945 -17.399071731533 -14.961073401942832 -12.738362111521688 -10.839020413132651 -9.068341854363911 -7.925646000482436 -4.725198887360543 -0.3957141251882122 -2.513679107523164 -3.5813603959163163 -4.51682227815497 -4.411388355779267 -7.839322822556219 -11.76253953382371 -9.413278281651811 -13.022828091004573 -17.674167545135553 -21.205904623109888 -21.490027618987682 -21.06128449723122 -24.14133559592883 -25.550794165273377 -24.28839371174242 -23.149418296409692 -21.606353238571213 -19.890306065957848 -15.516750996394178 -13.116691821964853 -12.252912462606945 -10.177406286749024 -8.417252344483831 -7.299787999683919 -4.271228901039945 -0.8180035725545338 -2.8012426282979996 -3.6604856426712264 -4.929623592590616 -5.6755633515862565 -7.288186256184023 -10.201630090422826 -9.791478556166409 -12.280052010202883 -15.601474201392644 -18.448191029754014 -20.04515254555043 -20.48643133080029 -21.37684319493631 -22.652440670470117 -21.39336274443655 -20.196938276921607 -19.863459682265507 -16.979161769061182 -12.925997059045269 -11.734191408192446 -11.809657045251337 -9.408053139345645 -7.689406758960072 -6.614602263948741 -3.8117600933724765 -1.0553561739312856 -2.8827827250051654 -3.63533247631981 -4.803581743413352 -6.055014973671744 -7.286734901109677 -8.536770143362018 -9.833112469141653 -11.41171567016409 -13.360213921532818 -15.404779290821113 -16.853387676534815 -17.58349267741194 -18.04611440946485 -18.304144143395607 -17.9024253766805 -17.264309701574795 -16.603994040309797 -14.460642584588152 -12.302719970221727 -11.782997371181047 -10.473986900681522 -8.329046591921431 -6.810256311398947 -5.838290979687164 -3.339178264807248 -1.166934081767868 -2.9055588482296324 -3.619066094054791 -4.708773887712111 -5.879401856058715 -7.078122004260001 -8.258879985974398 -9.486679252605798 -10.786396203311794 -12.217401814042608 -13.660585639805975 -14.759085053003744 -15.421673328592505 -15.796241290373755 -15.8929281968162 -15.621183643276671 -14.97725664979286 -14.029550083291316 -12.93699836185743 -11.65330416700682 -10.470429646571723 -9.021701260973478 -7.497575641481899 -6.15845883918 -5.290291439101955 -3.027078486359049 -1.1616683771098797 -2.398770740553415 -2.8844525215894063 -3.602666411912193 -4.353242251477211 -5.15126550843263 -5.953580823527213 -6.739056303884318 -7.476461343018046 -8.125938813519843 -8.669190892759074 -9.11552106659493 -9.442440146123177 -9.590304013162536 -9.547590757024821 -9.349099184996625 -8.998362286727408 -8.461333555111805 -7.776866583598593 -7.035953345277122 -6.270560913604361 -5.4493787207526125 -4.621143723394898 -3.8307523786172792 -3.3141039311303633 -1.9115964201529112 -6.626916031608697 -9.555222646833997 -10.320597553925934 -11.506590999512968 -12.685808417019581 -13.955063743206466 -15.165153926107873 -16.103827168001487 -16.591819563487544 -16.40166483587563 -15.516627442359642 -14.088374482838963 -12.358673894664951 -10.764884750321857 -9.483831169065226 -8.462817188930389 -7.734297489831919 -7.3905553688247245 -7.391949368763159 -7.576341448072323 -7.799407052938607 -7.855955404306373 -7.709902121091604 -7.380705495376725 -7.138823571402733 -5.472223045302991 -9.943321310716387 -14.310538667380849 -15.479881715327958 -17.35729605941532 -19.35748504547932 -21.743288471633257 -24.250998272772417 -26.039942718246923 -26.434854753062005 -25.61504869557883 -23.842293226280542 -20.115629166167 -16.09063133680397 -12.92400370356414 -10.91325311890136 -9.718029345078136 -9.278727796680512 -9.709403464597454 -10.786598894651004 -11.940587365273785 -12.79175297106538 -12.955947239488836 -12.43527488099519 -11.456889891839602 -10.652723972609655 -7.662357790455623 -10.714434096729798 -15.419323245992398 -16.662325759707688 -18.727062138812034 -21.087561289406977 -24.331150523722467 -26.59979096979691 -29.38753720699801 -29.67662427606144 -28.683671784585048 -27.025226617289036 -21.695869279611127 -16.183064469719376 -12.322183309703233 -10.05298100489505 -8.9180564598947 -8.887643472748573 -10.269895622737694 -12.619486491564368 -14.620336485075054 -15.679043289765314 -15.621860899629059 -14.611014320494455 -13.07460637091406 -11.866851434527351 -8.192890641286514 -11.817594995905624 -16.918983483467127 -18.158864317672542 -20.20572421047146 -21.96385935864569 -27.66478653928752 -30.054268545448533 -31.086951348294832 -31.9922231632931 -30.01298479640112 -26.05484710416674 -22.66906171535447 -15.390457016630805 -10.496862162943962 -7.441558334765307 -5.847103423763641 -6.165744883895744 -9.850621931919079 -15.827279010985647 -19.9412593242535 -20.97144187342378 -19.962634903052646 -17.680200444889756 -15.064120017383036 -13.290742875212578 -8.821277213571948 -12.688469182826069 -18.105125565425592 -19.280248635955665 -19.86999113826576 -19.070674855820062 -25.843251544278306 -31.973015363494092 -32.75808538418818 -30.527580026724134 -27.961697522791077 -24.421902171629906 -19.70369594663438 -11.515352241029232 -7.609216922611591 -3.185409787936022 -0.47741482566244015 -0.9360037680203303 -7.813279965141124 -19.503416548831726 -26.29087581360859 -26.486654158482015 -24.134473717581585 -20.2503357250911 -16.34939874700984 -14.067361892499475 -9.093242747460767 -13.289570155958673 -19.304857778697066 -20.73512033534855 -20.698098223633757 -24.01031613403875 -29.510976527884665 -33.18301482376976 -33.620183156472095 -25.02830058563777 -24.490111261162347 -22.294321566852144 -14.75378448613735 -8.731869275439783 -6.329936306553851 1.7570866503637859 7.843094292981897 9.32782588230068 -1.597082606485523 -24.40494043044864 -33.71700268165198 -27.949935035105216 -25.062001925495363 -21.59564186924973 -16.146692408877566 -13.798241372133432 -8.885027827792745 -13.499317830221784 -20.314849141075708 -22.73385869329162 -26.645279755463456 -30.400645592124825 -33.01664385844306 -34.63840801168372 -35.44315627895303 -26.225586038023252 -24.30739188423086 -19.796804742649037 -13.653808875885543 -5.840225402769209 -1.4954587924631553 11.839083685362466 19.319539226357687 17.20205620362359 13.55065093358717 -6.910514135334998 -25.348889931958603 -21.842187532647895 -16.648755033033474 -18.146810757448097 -14.692673437766802 -12.384176569972984 -8.133004917780783 -13.323737334352652 -20.734358329675114 -23.849647283032112 -30.08053810081559 -34.47633587407176 -37.91801901243065 -36.643548099540695 -37.08888457524849 -34.43788990822571 -23.45176317732272 -13.179440254419118 -8.49200630404974 -1.4246855408235621 1.4775796117045221 11.69085138706506 13.473604058560847 4.7539923178593915 -0.41937051956607274 -9.981905158908315 -15.355648810059728 -16.909340348795002 -13.059511634807249 -15.491124431745714 -12.863545704238877 -10.137190804478715 -6.9669008762563855 -12.716233025888467 -20.239743987632917 -23.583064979966395 -29.593068563557335 -34.18477726773256 -32.60033267311178 -33.03797758857679 -31.10801234847922 -23.75142498440599 -14.061704686982775 -6.715598293986087 -4.13259396281107 0.12826399755617074 3.925304331388011 9.61935893580092 7.228128915279252 1.014596921705442 -11.591179795913353 -16.295973617861073 -17.09436147152889 -18.205290169785112 -13.985189486011231 -9.844283272992536 -7.932539127731381 -7.231048104369806 -5.4872456243379 -11.574824932375918 -18.38887616230221 -21.566498062101456 -25.547793533675975 -29.835770093306316 -26.419819979837662 -26.23298666069163 -24.75025126932311 -17.219659858489692 -8.504924144108712 -1.5473357367345633 1.2294649978945622 4.2050020278595355 7.684110455364962 12.590628654504155 13.421228517455603 13.051347049246862 6.06345726371854 -3.416347207573742 -3.5038025049140162 -5.515682237625608 -3.8589596606645973 -3.2771501907996816 -3.6927435037785976 -4.031739740950259 -3.8204730975897454 -9.946499399282148 -15.339203934251756 -18.349431330716403 -21.203664261673868 -23.91063863063959 -23.484719172966543 -22.934171673747493 -18.662557616585495 -8.70637645722343 -0.8614977588526112 2.732497753226489 3.654592982032674 6.944280538527364 11.41065265573212 16.653662807091283 18.64415773795257 22.639147508881965 22.9537364794253 15.650178035751773 16.49879578942725 10.126014891995293 6.181625167946518 2.6622353563049397 0.3501848652091754 -0.7829951386421589 -2.086506006885579 -8.021856730329311 -11.788034885596165 -13.72442290373514 -16.65042247299197 -19.245870155472435 -19.938737932058565 -16.756639312933206 -9.836207846199569 -1.0445350367215238 5.841613663556336 8.682672671317247 10.050484797444298 11.162165525825175 13.541663154539396 18.06398287203239 21.364898455541113 25.395195804412584 25.528652275128213 21.954978494501088 18.995640607018665 14.850823978326245 10.329302894495063 6.279800261407377 3.7790360417126507 2.1707256198848808 -0.40964071364655064 -5.95972950969703 -8.187556529199401 -9.007870778051602 -10.732076556267776 -12.434552981035838 -13.03555662772752 -5.754315228928 0.004906756504824724 5.004613699718994 9.359762832907398 11.52548726302366 15.055517922392198 16.703354514317027 17.960520005622083 22.583748861980762 24.7019795455541 25.605929529414155 24.99245253700093 21.44222758979564 18.610651068018548 17.458246424496245 12.352458146167425 8.912651217853178 6.459319134062778 4.610262065830433 1.0959315058897101 -3.9457680412476352 -4.636766739152232 -5.1500743364997295 -6.278304301788744 -7.815314090396552 -7.138876405537689 0.4056617221251249 4.623250000460904 8.840351784224127 13.425038998995245 16.709364257267946 15.313232996297762 21.15899749953395 21.65640426566773 23.082715083256538 26.493019421279097 27.186700577018662 25.55623112182344 22.294846057980998 20.225134122557712 17.321306790539232 13.831574232400213 10.969286211145102 8.35923422489727 6.398466907394917 2.2999860309501146 -2.0856645725757477 -1.1695870148776673 -0.8294045599398465 -1.0217682260252174 2.139907713645905 5.110369966093203 7.222502821581687 12.346179613259519 14.921642025996704 17.47057489378552 22.06567802148433 18.289627145272014 24.53803721567083 24.96778518395381 23.716872345872584 26.025885931618877 27.142364861746326 26.108259478067723 23.489807237195045 21.209813234484386 18.442718873568765 15.855218560480022 12.397701339313814 9.51792974556405 7.521516311005379 3.1660311729338337 -0.4089213318470355 1.5469929760774 2.136986471566792 3.1477293373230473 8.11126862723283 10.693871646893504 9.690047907088413 14.40530191327191 19.837641304109535 21.669186238176735 27.796978896376995 28.886840462508875 30.660073890769812 30.34314250622997 29.668369156338006 28.75755865630618 27.873932454802443 26.53277147150378 24.385663775385687 21.926829637158175 19.217556970460024 16.286640951572853 13.03487156153414 10.069654674487138 8.118075190063587 3.7535304459279564 1.0377473516377553 3.7203796096964257 4.949319337127891 6.73745330896309 8.976848377116475 12.836966695400752 19.470016860197724 21.42047520247756 24.497321124623536 28.81614802180262 33.416882338940916 35.18968797746722 34.51963314673092 32.969666590031565 32.93930748055477 32.39173867701655 29.52555036959235 27.06982242358924 24.595333589979926 22.216137269280953 19.428596990701728 16.235580773988474 13.003631618442892 10.134037064731748 8.296707368234141 4.096852503740219 2.1798573110195063 5.371738153626039 6.723018981494206 8.276067321106156 8.685414631331417 13.306748544430285 25.851571154363896 32.74903040615539 34.98355301606087 36.319201440865115 37.08310330745086 40.893512845756824 41.04667119825524 36.09507612681898 32.057442702424446 30.42551707891273 29.188924467234973 28.240360682626186 25.452394937191897 24.01594758343244 21.14772981178249 16.57269800489931 12.602941296852888 9.863515597335777 8.17338369122889 4.222544718747976 3.0084809379522155 6.4734042026575045 7.885603379868214 9.739404429278835 10.48124172097514 14.401789472937441 25.948645387864307 32.81183455500867 33.8756619179798 35.00171471679456 36.50779495244245 38.40774966374115 38.996080608489684 35.957877418867746 32.63040323705897 30.051445821308402 28.106414505625423 26.276243088027275 24.185013609249943 21.870507782712544 18.55806023660806 14.817853741660201 11.888447219633546 9.399375909767695 7.865224167955883 4.184202764932058 3.578001014201185 7.187758268166806 8.647993466123241 10.84270248445262 13.489835654430415 17.7518035057096 23.37124229308691 27.735298014489857 30.210076124879517 31.89293360372905 32.92995975242207 33.33335236299719 33.05398182642992 31.720469607475653 29.638315630126673 27.439238523859665 25.559988424156355 23.11153698865877 21.02159051396474 18.680213009037157 16.277327720937976 13.295690692808384 10.912249534882196 8.72695005070302 7.364564218179584 3.9935639047049944 3.923787030363496 7.666525020814579 9.218195761699208 11.5486376255289 14.213468141303535 17.754555764606252 21.79881745474966 25.168829644409673 27.48177025349567 28.98431239090465 29.76748107491871 29.952846995660035 29.57203876127737 28.51555818637483 26.90930172867507 25.152598064349966 23.380818789154876 21.43209427960885 19.40241299625347 17.207760492206454 14.82599516745082 12.397403300283166 10.202751168666946 8.25117536350097 7.009193255117248 3.8414842739731054 3.8872270135599964 7.027502972468752 8.272109651792901 10.126322085236794 12.059339783605985 14.048287046368031 15.94748994746813 17.69398586426361 19.152304073584773 20.089599080684717 20.46019457324596 20.391051724626436 19.968863100754614 19.301619833799002 18.436255173723513 17.353983219900126 16.077447035647527 14.656573323123169 13.136640514702407 11.552376947764307 9.969189232254129 8.454264716320699 7.082885261575795 5.810509709658697 4.974552360495072 2.759454320335627)
(UseCyclicTransform "false")
(UseDirectionCosines "true")
