(BSplineTransformSplineOrder 3)
(CompressResultImage "false")
(DefaultPixelValue 0)
(Direction 1 0 0 1)
(FinalBSplineInterpolationOrder 3)
(FixedImageDimension 2)
(FixedInternalImagePixelType "float")
(GridDirection 1 0 0 1)
(GridIndex 0 0)
(GridOrigin -96.85843762243064 -124.98889212337095)
(GridSize 36 24)
(GridSpacing 80.28879568062638 80.77566877290673)
(HowToCombineTransforms "Compose")
(Index 0 0)
(InitialTransformParameterFileName "")
(MovingImageDimension 2)
(MovingInternalImagePixelType "float")
(NumberOfParameters 1728)
(Origin 0 0)
(ResampleInterpolator "FinalBSplineInterpolator")
(Resampler "DefaultResampler")
(ResultImageFormat "tif")
(ResultImagePixelType "unsigned short")
(Size 2629 1607)
(Spacing 1 1)
(Transform "RecursiveBSplineTransform")
(TransformParameters -2.015206170939604 -3.1706565679214367 -3.478091637558115 -3.955361247593756 -4.422107683089142 -4.874798242674697 -5.279862327701003 -5.645005795013492 -5.962362294107541 -6.219819651206511 -6.407859297820418 -6.522127651392665 -6.545182137560052 -6.450760179572675 -6.20093220135643 -5.731143546678018 -5.02402944640752 -4.095468287188551 -2.987374767818688 -1.783575330530797 -0.5411665683315914 0.6970278278797093 1.8926325634667884 3.0150250898243875 4.034733460174267 4.925618272214903 5.660913844583524 6.209640068451586 6.5576863834627535 6.7060502578783705 6.656876058862019 6.396289451085602 5.984135282942526 5.445960325740938 5.078845968787429 3.300792094179031 -2.895597496118753 -4.663658836942521 -5.175761744666363 -5.935271006849037 -6.643405739548137 -7.262762913384141 -7.756209745281552 -8.202776257509479 -8.617620202318948 -8.982924835375107 -9.290701569937807 -9.53937644991879 -9.70601313199922 -9.764769805701139 -9.629349662982554 -9.126960243141264 -8.178504140383561 -6.746492301640625 -4.901498963757991 -2.85811153964078 -0.7419416195630146 1.370075948057005 3.403205058877741 5.2958781620452005 6.991855018797729 8.440851783620252 9.604021687396235 10.4511054334053 10.969850707896528 11.168623146761941 11.05217266065252 10.591858859098286 9.88454731667992 8.97163353216021 8.345803646084164 5.407584534393232 -3.070531768039863 -5.01911285690593 -5.619462665339308 -6.506350262514871 -7.327570279164583 -7.979491143249514 -8.421384832855157 -8.811745191702444 -9.20516865209507 -9.589437571863161 -9.949626340568912 -10.260628757805943 -10.49902070193423 -10.643942206944704 -10.598332435023421 -10.183964882948542 -9.271351149087211 -7.708927899891239 -5.571951218483481 -3.2113072864955314 -0.8046768614738669 1.6001916479727811 3.9255846188339576 6.089955935981335 8.020502130893734 9.648062802434643 10.93001362114081 11.851913341761506 12.4066448187408 12.600169925898367 12.43940955422829 11.896912210255753 11.083135878010939 10.044358520693876 9.332755703568855 6.041166569127139 -3.315543879103068 -5.527057730015592 -6.277183921366455 -7.466663466289922 -8.882429303670996 -10.827267414095616 -10.417299581154714 -10.155051736845012 -10.338817608918303 -10.57558774831675 -10.873507719132224 -11.470194078501596 -11.86061568177837 -12.084848721856302 -12.145704709662336 -11.966811028509568 -11.307156843016996 -9.640827570525149 -6.798174286148245 -3.7852494100612355 -0.9874688470721523 1.8435527717054254 4.631842219914544 7.244562576254535 9.56621889440128 11.475325636644794 12.923053556743685 13.947839058965403 14.557440034415647 14.7400455047229 14.502980167877494 13.827986409792642 12.849800549614406 11.62251670770017 10.784186364111108 6.9783206519312495 -3.476606689766953 -5.902682566072751 -6.8111505525343095 -9.118529489294403 -14.393384222239256 -21.51903339967315 -16.63743539670745 -10.503990651271103 -9.826049637549437 -11.759478831263806 -10.606731659508311 -10.19798558440702 -14.278147533845775 -16.721701956875943 -13.836966572188292 -14.62934118026531 -14.39255008038778 -13.905045636467397 -11.534502718851918 -4.337269375775139 -0.31419384203943074 3.1939206458179865 5.271152260343088 8.321159401076214 11.038900502591154 13.205577621462922 14.816821003935928 15.982149462344394 16.69926239791802 16.874948418769435 16.51816731557771 15.673481231252202 14.512200830687943 13.092565399628477 12.130317939750778 7.854841939220194 -3.5386931487267543 -6.054299467616075 -7.048923456860268 -9.000279821607123 -14.084482294966826 -23.337382927381356 -21.10061954249094 -12.482196426842819 -7.984567872364563 -11.90638769974656 -12.334664445537141 -10.002619094462844 -15.753602444009145 -18.886710310039195 -15.136414855476866 -22.189803167717628 -22.265597607956053 -12.64694836189975 -15.318936430724568 -3.6009700053859977 -4.458496520957966 -0.22848657157244023 5.30477203674588 9.629333058114915 12.158069172831723 14.456624265198823 16.322153392850144 17.86482375704974 18.945360628671388 19.181061945727564 18.573928574396767 17.4552501566207 16.078333752814604 14.43277578947996 13.325654591069538 8.634282718171898 -3.4552986825247696 -5.89932209685492 -6.882676564630171 -6.640904503670076 -5.510872091536038 -16.24264738272858 -27.531390729824217 -18.84699330786253 -16.244509654045423 -15.385301935376337 -11.652779426103514 -9.46417368890066 -14.175457589909128 -14.86097473914393 -0.45846543197042083 -10.40771333506498 -23.721817222267525 -3.9522977523105487 -9.405285670137445 -4.180673814262134 -12.509084690373317 -3.0419807770224914 11.400609244504583 16.89447027080349 16.499789034214157 14.733513855351223 17.064817968005244 19.184443134227394 21.86172077862692 21.569198378423117 19.699887862406754 20.17960141033818 19.214011375324592 15.421154193416553 14.153275061993934 9.197173440776265 -3.1950229960055325 -5.443710589226001 -6.360208684949828 -5.26790543966099 -4.751188064920933 -16.418972180278086 -27.512506572988226 -8.209121883670878 -12.369936036203528 -21.329583053951644 -14.956291843335103 -3.624425066782481 -6.817146715436047 -13.56957643152873 5.854273838449782 13.59610867780014 6.86744275157629 -4.6471437103312265 -0.7598361129718326 1.6529146677453501 6.9426072738617135 18.930909881277117 2.288696339973296 16.47315524686346 12.05203569285461 11.500170410915826 17.20113734079102 18.98204635923697 26.66001477495929 27.225408305924123 19.186953213925094 22.582842330492596 26.752853941710548 17.03478207460861 14.56453341363483 9.44910053666616 -2.748549569644093 -4.679297810525911 -5.477374952807551 -4.939706205115098 -8.415198027995412 -18.993252215296714 -24.885434525994008 -10.92291609789697 -5.391859503115514 -14.053030317256566 -25.21715494578317 -13.563393144128128 -7.394907536154033 -13.713431040057667 -4.110837396802336 7.618270956348026 6.465480871645876 0.2570890920503976 -4.41855768867426 -6.9404838472414605 5.582486142120148 12.65432051198449 -4.089418507202568 15.602993125459955 10.780312667497718 11.731356302101942 16.618521190684216 17.055237763207984 23.560394839585122 25.68375701092936 16.533607960207647 14.303495320612022 20.29924788402726 19.276892389243443 15.111351513878633 9.355082814679463 -2.1287900109963536 -3.58991180187967 -4.176669936260899 -2.859668719924187 -8.909172511523415 -12.568573354247295 -10.94220288429786 -7.676002320494225 -4.538293747158383 -11.50584907196081 -18.476643594729133 -10.91438827772833 -13.553046682694957 -10.604696496348607 -2.55350553919639 8.098614772736488 -8.632251662422076 -8.800841156522281 2.4525633070342474 -12.68657659556045 -13.698739576528085 -8.367804160150378 4.069190435682458 11.39720263500974 13.17018623840048 6.720635537731026 11.51551329348357 9.413706246373712 18.76369279873359 20.196302969272022 15.931527355135103 13.237676390251076 12.628558826095796 14.795480332844857 13.164673571871786 8.9189357548545 -1.366446196136896 -2.243851983157368 -2.6132600063972222 -1.3603128729180944 -7.609802267016679 -10.92867013021102 -8.247556084644065 -6.888891657840278 3.5053131730467753 -2.6523918775179784 -5.3294363138212235 -6.818182084694222 -7.871341184866751 -4.62795155097294 -2.757035707923611 11.495749508038575 -1.1942167070218448 2.2439220371872075 -2.3580335971235646 -18.90252542522512 -21.496333662991802 -5.495049170645177 2.008061316491513 0.2133617623099844 3.398192924771784 16.838592475696267 17.71234211921048 8.671573579788634 11.52634056018233 15.015130117062984 14.829852172496972 12.026518079604571 5.876946416096879 11.457800591897612 11.355500853465292 8.22020770177681 -0.5170183399884614 -0.8072027499147385 -0.8135829703465329 0.5165340428660969 -7.219675970186669 -5.383972974883526 4.542395142432075 4.458466232190046 3.4425462881899085 2.2303628301661518 -6.074515486495781 -14.09381556638603 -17.597142852250013 -9.211237202124735 -6.764089312397696 -4.131079155842005 -1.2571649715754076 1.7573790912609415 -4.945216718824511 -9.355552975742265 -18.476314354295845 -22.66036297932556 -8.38287969624511 -0.828495058375722 5.485316897340884 11.431203679353427 17.040596013209786 13.05003205703166 10.046396930784509 6.858773459081553 8.450361021185456 5.283406598056843 2.159199381105071 11.818535558670282 10.546239976985191 7.414532742096094 0.3694853697871769 0.6417186409965294 1.1532775632816004 8.34938630086335 5.242498107413292 -6.2250927424566065 5.364913188699724 4.938702571003951 -8.384134223274883 1.749572775451809 -5.2159539553519485 -7.591180232188184 -9.516110560530539 -4.2825733503116465 22.50268805910129 -3.535161260551793 -14.187208899645803 -9.899743006649237 -4.475266286653491 -4.833713361242359 5.581661233300355 -10.818965715163817 -3.827665981007468 12.03481114039559 1.6119692276924702 -1.6932709119246203 7.528484123224609 15.593147641638902 11.05583623406783 6.06467436367974 1.574115774352302 0.956819417085849 8.556798979648654 10.652329399762108 7.882806800199479 6.580011416733934 1.2429820106185694 2.1009191248911043 2.133238608406956 -6.191554902842961 -21.522328582863974 -2.852708667353211 18.572942857874683 9.043991675792915 0.6261976256592627 0.7404398916012151 -1.7867868165696814 -7.030365082618879 -0.8479042521650199 3.6523139657676205 3.1878716487306082 -5.62175693665043 -7.173605487471529 3.2889171736613667 -6.97640012454239 -16.716025859555383 -7.991822211041997 -16.782135351320434 -14.410318615329064 5.815353521893999 3.2804092161384593 11.723402144542428 -10.337156492152936 -2.9599027135653655 2.8822464555459484 1.4673798000780478 0.6791508137646026 9.557485620741481 17.82548395863998 11.320913394627725 6.165621488799176 5.743949900540992 2.043169808928431 3.5139671025544774 3.6565845085502584 -2.2730972177249242 -20.62100269400726 3.273188871955619 21.50413988444842 11.025059134251617 6.041151191022501 -4.099239519898814 -3.405454094756645 -7.614478116971383 -7.37577875406831 2.350642465689661 0.8121535316106544 -0.39407627199044637 -11.848283138178562 3.48721525071457 -1.4918010082371984 -16.42823722982388 -12.874306972229911 -10.800696139364904 -8.586578333861816 1.357266209653703 3.3548098629780725 16.33694534285911 -15.632963367106603 -14.180974025769231 -6.0332147615418545 -10.343367646772364 -3.299369679895792 11.558295922036002 17.14824004752286 10.404398588293903 4.960209140073055 4.929728588899689 2.6897036108895502 4.746744902060525 5.244348475038186 5.8385687856667055 3.8477597488381785 4.583124244553767 10.560340036929528 28.20485460250859 10.252784573737522 4.786184992835017 5.061221370919762 1.1615884244943695 12.301517278011493 18.824596232996413 -0.7982497243405484 -1.0034446608256877 -9.994895061435853 -13.425052307973363 1.0301656797877652 -11.634171347924937 -9.222173161804772 0.34320756649194556 -1.1014070736805708 2.9927147071008533 1.435555694895277 10.017655095505729 1.8944897578623696 -3.057246225891479 -3.5467577967468804 -5.5328941032711265 -2.69961013478053 6.013674206444165 9.168272715062706 5.451412974640639 3.734278968938863 4.146923396534398 3.1492324482550065 5.684940953807811 6.4771361250461705 7.866193049569377 9.500170764001512 11.865374356125193 14.116708331467592 19.730891918705307 18.237323312370886 12.182314121360712 13.063537404971814 24.853303409667895 17.575918233815624 -0.36997378475511056 -3.118263154433159 1.449364845526829 0.3629504020477248 -5.823613583480047 -1.2583479610091464 6.985858711627896 -6.903490487284807 -0.3263280034472582 -2.5948418017144665 -3.0798183743416567 -4.921783563395866 3.06969783733907 7.077054278895088 2.427420510457371 -11.028725900668283 -14.897272184048477 -7.164784982146962 5.757991421052609 5.654741218627857 2.141255025501343 2.4982159137957476 3.4068095805153433 3.426002333669544 6.200102170158296 7.1078929991225 8.592079272088888 10.285047443524798 12.221524809563284 13.903837556738976 13.609387115523258 13.712682329283053 12.671167149805834 12.116932705461856 5.531077390060747 -0.6318732731630111 -5.976318689019359 1.8802955217690644 0.8068777284631958 -2.4642361969988795 -5.745883880851202 -0.08684115977751049 6.764166425072739 -11.114960992291548 -4.367617082279584 -15.147555365891161 -22.049170658484122 -6.55417522890878 -0.28673308681534354 -7.317284451232912 -10.809103847636653 -18.89741073651921 -18.681768072045063 -15.143928404959707 -8.621355450692405 -1.0167138375620652 0.7617639363995148 1.4481496665176823 2.7158072226397034 3.53055873728411 6.294445864062732 7.174885075211832 8.56202890083496 10.031631464581029 11.5830007859094 12.924945846588857 13.45055372942176 12.947280507410962 12.441081159900556 11.544336538526334 5.775524007333376 3.3805734261968388 8.946044110296151 6.424388451437913 15.306280678579471 0.5100414379449825 -2.519275726039471 8.71822222110281 4.278982259735514 -7.060934467223007 2.555639420957579 -6.574888796581861 -23.470003090999874 6.50190635692096 3.288984602333908 -9.102750930580097 -10.918617239964977 -9.84015881765656 -16.484061167028027 -17.19549965611955 -4.906093234347809 -1.3072380518605666 -0.21923405317192432 0.6123664225947478 2.0784841029026047 3.482859240466535 6.101762316983795 6.84521390884988 7.799345137689556 9.227979371453374 10.577240918761277 11.58177181372542 12.092900025854687 12.04890247263783 11.670838180425054 10.836992185376824 9.877823670259628 9.665287202702073 9.037985662924404 11.306717141824649 21.570963715924005 10.933600393134572 8.925592869364289 10.217918310534003 4.13278453544488 2.5504908149084553 4.451692214099211 -1.9911069982610785 -19.663563714464697 -0.275758517306298 -2.973778960797473 -6.2881334600632375 -4.420532102993199 -1.9726600641967555 -14.043623984291763 -8.621753977162616 0.3852180323126408 -1.7883880405323809 -0.9239753125678584 -0.05139833304948673 1.4919330821584715 3.3282633713032608 5.739357739181399 6.3561120684636805 6.972589371401632 8.319380942554096 9.511157147010003 10.289574769314612 10.730219155917291 10.798914243631284 10.52486992614625 9.949797808079154 9.349303953818653 8.835213809564483 8.338391158573163 8.078075752577437 8.060436918343209 6.989445556046229 8.6193148061939 4.739924498270568 0.7369524600378268 1.2952863386198759 0.3298229787202138 -0.7837425440445831 -8.917761687026664 -7.701695320257999 -12.728239095915924 -6.8627324316455525 -3.93086263382507 -2.535160407200012 -6.508522789645023 -7.66204964002729 -4.454958541308647 -2.942807478915068 -1.3672919864806532 -0.5482719531079211 0.9714392229953126 3.0893566543720357 5.255523769046477 5.8484603619336655 6.717216381907046 7.6059850737428825 8.412822406994959 9.025714478357376 9.389828190998875 9.477030116037923 9.297029198602903 8.90267456482162 8.414880842200771 7.897147278603744 7.3935843939167505 6.899524849247954 6.2468485248309085 5.411962836607294 4.478195800410581 3.354405605333799 1.987887152339027 0.4067104848776084 -1.452488364707041 -3.42295688600687 -5.057215820590468 -6.319352240129482 -8.37101786950117 -7.79006444141722 -8.225546249269595 -7.463085612819479 -3.367281111975904 -5.532858390855187 -5.827630111911009 -2.986890954746596 -1.632998586439117 -0.9188502471934739 0.5169948423600983 2.920461675480701 4.923578925733735 5.459819376922058 6.274131131269837 7.036721260595337 7.7220151529568595 8.243870157236293 8.568626700160708 8.67292425253509 8.549500690379183 8.231695838167788 7.80834635712361 7.325197213187537 6.812801401850522 6.25003538072838 5.5401336960380725 4.657759752028623 3.6275804978135424 2.4509791837902117 1.116120596892712 -0.3563260921191684 -1.9526157670550557 -3.542222328221459 -4.826736130303246 -5.703565644948922 -6.2244547132558035 -6.372725529309013 -6.5142587049251555 -6.293652563517805 -4.847065115692293 -4.323275954206382 -3.731553409577536 -2.728443352162791 -1.7969968682067525 -1.1582724048410618 0.21469960609360123 2.047358732031203 3.4077725389368285 3.7565959708062513 4.289176795681127 4.784054841773557 5.224737584318118 5.560665248966998 5.787233132059464 5.892996305942676 5.869526683384401 5.721932850531122 5.474392358743983 5.134100728777586 4.697325361489645 4.156381956584611 3.4918017099582137 2.702743536793583 1.7991253677054704 0.8086086691936841 -0.21963443910610236 -1.240188915652538 -2.2056686076984344 -3.068223612065155 -3.774108400740152 -4.287350184926479 -4.581043629158666 -4.65483809359522 -4.536898478565554 -4.2597978346814305 -3.8681824726884035 -3.3979902921836196 -2.858821065001102 -2.296311848025202 -1.7271859699450574 -1.3340566134750462 -0.30521576795373867 0.061661653718546205 -0.029546687979853613 -0.05655548381250963 -0.11542516881769455 -0.19264830196770133 -0.27822727730090036 -0.35599736519769787 -0.40112564717723914 -0.4078033094084163 -0.38544460631043553 -0.3495292361990575 -0.3308946566752532 -0.34067261924845066 -0.37751214491949187 -0.4283603164581338 -0.4595428844465503 -0.4583298381140025 -0.4245670590216734 -0.3690231016245842 -0.320578549112639 -0.2936874066126929 -0.2988885410469405 -0.32507146913522195 -0.33190994229044335 -0.30371344729641875 -0.23845103537326118 -0.14630054739634668 -0.05795921785157667 0.013729207229420306 0.06608714555038049 0.10485529344749497 0.15101507950068274 0.21017873508332585 0.28385513459179185 0.35035247841674555 0.432005394598396 -0.028903892032877458 -0.16099162598820124 -0.18438779240431027 -0.277188321551036 -0.4444153401735045 -0.7113283039185762 -1.042981428468011 -1.3427487270526537 -1.5530550987205658 -1.6135094066504552 -1.555346424001203 -1.5242415738379818 -1.5741188262991732 -1.7164007402078347 -1.9061336348275064 -2.0051802522359004 -1.9642536930544408 -1.7797235074310789 -1.5182811136620915 -1.36791356635548 -1.3717437981422504 -1.455374108834275 -1.5520009141421245 -1.5529498657539746 -1.4162810569020976 -1.1451575336952196 -0.7851631067601447 -0.4541565519009028 -0.20309845671526577 -0.044444943993859044 0.04270978723852506 0.13646915073877028 0.2640111664008818 0.43731948318626285 0.6020277324518295 0.8183322306426283 -0.07071343483861844 -0.20745313705223806 -0.21392553925201757 -0.28743325506333384 -0.46254099861806974 -0.8250108062819608 -1.3204110311407005 -1.8022825068603026 -2.1583138770648262 -2.2402381331525625 -2.0939935716339133 -1.967275353309705 -1.9734044237987194 -2.187979193463887 -2.5230072572896685 -2.7081498537131634 -2.642535789743502 -2.2963520825273624 -1.8071076051817583 -1.571430124508607 -1.666523959310453 -1.8845444159846698 -2.0884749553734667 -2.1350652186555372 -1.9662641907367175 -1.5896356779985925 -1.078951191685424 -0.617776134021017 -0.28430784853394603 -0.09226310742820748 -0.007039283051994904 0.0926356713790484 0.2474274642234404 0.4649271601260925 0.6731461919681424 0.951548806919508 -0.15214401681925213 -0.32076610202507627 -0.28457002908525175 -0.234502345622989 -0.6675537685986379 -2.5187526512861345 -2.55760379700526 -3.076537933080743 -5.324002988146328 -3.553545251764175 -1.9801623994200386 -0.5068572271893607 0.3578748184623668 -1.5913405185074878 -3.4907801070080984 -4.066591513501995 -3.9014948974178396 -2.3539195188148603 -1.0367720840641856 -0.7466033415314446 -1.391120512921074 -2.283322737974544 -2.766173860540231 -2.9507959055887167 -2.7628148099426895 -2.206957054407629 -1.4174259978642576 -0.7336346060509937 -0.2906804935241556 -0.07983539471927911 -0.03169971744931119 0.0646849779866316 0.2733211469999378 0.5643953939206866 0.835197911045524 1.178212500824223 -0.24928124247670055 -0.49693138568728007 -0.4232727387648097 -0.021086585729094005 1.3766076435084311 -2.8528066744856773 -5.226960539753434 -8.966558226003082 -18.437848161273113 -6.741384865861796 1.249508382481423 8.88374246951911 15.596254280738078 4.8740807764962835 -3.3696273708467595 -6.099621009438793 -2.7402000556531267 8.686758223920089 11.790036212237839 9.95684102770665 2.749599485205649 -5.403137555589358 -3.88937169657184 -3.9609900207127886 -3.678707558679773 -2.841944977713666 -1.6877353321757549 -0.7359223698122329 -0.1865642177037833 -0.04098349205620423 -0.11171527790589143 0.021438077018482878 0.35194390570056944 0.7344920242570998 1.07322177448418 1.4545509458609764 -0.3331504214288075 -0.7704490984964693 -0.7727502001759966 -0.6963669230359663 4.199524267542511 10.311995020458607 3.322645483708602 -3.5673278379424223 -9.034654266552737 -6.596335663242182 0.557963405098585 6.544817924024429 10.563049002765629 8.85669327705155 -1.8154956085446536 -13.99289493282083 -9.571927153703019 1.411563947599438 10.219593667323602 2.205682319474883 -6.0271400986739385 -6.439425774818329 -3.041305164323983 -6.4072193029225035 -4.7850372767685325 -3.3558266617701062 -1.730230159030591 -0.4702455612423561 0.09512670695317521 -0.2083849681775651 -0.8490965984318724 -0.46843912341512156 0.31891014824355957 0.9004483234581521 1.3605749989257994 1.7952540434822268 -0.36167944964583776 -1.0522863290431304 -1.2401406594003106 -1.9934598549741545 -0.5069326197307769 12.02405950909065 4.196434835695555 1.4472932525841904 -0.5308263041898443 -7.558270565911991 -2.255317647692442 -0.09344018643060883 -3.5598149185669272 0.37293847777465366 1.586919473491199 -4.949725076622019 3.0427901168709295 12.519908618833536 -1.2316504917344129 -5.755854730147828 -7.950611451371356 0.511106007287961 -1.096760655844084 -20.32895542158168 -8.228323755850777 -3.206723358124453 -1.2217994722485264 0.5018958850204537 2.369667025976473 -3.256965349294873 -13.14442580655368 -7.42075386858937 -3.1451679551863267 0.17197758718225623 1.6758333182360408 2.2179871399710853 -0.26892488159121575 -1.109185197978695 -1.4482534895184318 -1.9838283818235016 -7.008984540311225 -10.200146931820957 -12.22752732521072 -4.507791758627253 2.64297477272716 -3.5897330657494497 -7.459235212732906 -15.095922434790003 -20.489480667949604 -9.289029057328426 -0.44732362024398664 -0.541133518831763 14.122239345490039 12.035319415377355 -3.4917588706329794 -1.6465707607555353 -4.216425981989178 -9.252059142773513 -10.720343081919014 -3.1242304163693673 0.3214767642501083 -1.490642143501032 -2.0710195125812816 0.8668915379551744 7.329258460834326 0.5376625960126226 -18.684702300557863 -14.501755351369468 -10.908108828375363 -0.1698993627349071 2.5798664023219744 2.782983513594987 -0.03039558842732153 -0.8432020702659327 -1.2296508760733484 -1.1336674918241418 -2.783587622683481 -12.821770990116184 -10.83637864044341 -6.267804243754174 1.3157082411815675 3.757155484699088 0.05649066914001589 -6.563756032107225 -10.502443874115894 -2.637355236316823 0.6787557574527896 4.055298505534489 5.199510730474254 -6.752546939541096 9.849104973815017 16.470636894461762 -0.7614625316400176 -25.62466017996812 -18.893148217409006 3.7698619641140003 0.742573445157351 -5.982481781176074 -5.1214440595170485 -5.4448603012230965 -3.9019994268387803 6.486581697316874 3.9367536001197956 -1.601381585894403 -0.9173267923405684 0.827251839829381 3.36361287163595 3.482490126785158 0.34973016962004116 -0.2302598478326214 -0.5350022222377614 -0.3881046974115862 -4.1272020653739165 -10.789549549054275 -8.092000615504972 -6.8699081804337485 -0.9825527702592971 -0.9074394585630103 0.568034606091212 -3.6285585502288806 -1.3948731592637744 -3.8330701020532754 -2.3923809843560093 -2.190563599908186 -7.2160377125323345 3.4001710693650864 17.498727988752115 8.118127244056387 -3.791660846027262 -11.586464213160847 -8.735388800169513 -9.390272571800006 4.421026240992644 -20.054823710854663 -4.0699746519328235 1.569348942196564 -6.2314976252317855 4.396523324218959 8.754895288343523 8.666914667962013 4.734683182964101 3.9653181307013865 5.327369063121179 4.2619641269869 0.8424207762897503 0.6726044470219604 0.5431660087818346 -0.7970323181096887 -2.90889464083973 2.5580431477717056 -1.9683119154411353 -3.663286955654161 -5.158436311008851 -9.6098603244457 -12.812273239211704 -3.1861757374342825 1.141200746499208 -10.980611977293716 -5.601305384844675 -9.378077645789885 -14.064388307014031 -1.104275830922025 -2.1298483097734957 1.3217216342450113 14.95827421092631 1.1509091018769009 -4.110285772520269 2.9049977612465114 11.366380613083903 -0.3084839618741743 8.033884253873683 8.69617163504533 -1.508994541550467 4.69372900501969 12.526847315173258 14.547236752147878 5.792456846493364 8.815013185014552 7.72646624011997 5.053656470135802 1.3809814770614797 1.69530797300298 1.7127871975957611 -0.371642551087723 0.7587627446192962 5.515055110300552 9.034878122020876 3.885035823280857 -7.054960679448492 -4.40001839190324 -5.468327732178073 -2.249168097598949 -7.547258683406738 -12.057371553122469 0.3766803025957386 -10.499578786840676 -21.156021830854172 -20.85626319125829 -17.635865143050136 -12.741902049846452 -4.673381914101624 -0.8867468244645873 -0.10200843809947673 4.936377606728096 12.476491770517162 6.786545473704362 6.409697980375807 -2.465475787422361 6.0466487262793125 11.006955078672561 22.488123323486526 16.957825450201714 6.854782622270173 8.019842330043582 8.491770452870005 5.75203861033689 1.91790695237984 2.724276534533106 3.028750484017987 2.431728392483006 -0.2675029999924934 2.8177441036459334 9.020261169352219 11.7123955029897 0.47082058191706255 1.2754768703554715 -0.6130038843744062 -6.153466114984698 -16.644145844022646 -25.021062617361792 -20.040509842445985 -30.155762311309278 -18.286708874782267 -10.929657101833884 1.8203573763292145 -8.782810730468391 -28.823108783057375 -5.695611441497789 -3.084426679963493 -7.0949999575308835 -3.349396855926327 -11.470496641707733 1.8250043337169086 0.3042458282631899 6.421105104166654 10.042853560430379 18.302747186169782 11.483166434933588 12.972332459507683 10.633663166207137 9.269836674622121 6.2961692786255865 2.4159896985598404 3.6784518995002684 4.43782457088061 13.00127131656714 23.68229468720247 7.2128148165846255 -13.82319423314912 -6.147871289612881 1.0921345181148532 -1.0607039403372824 -0.20283302560286895 -3.915633962367339 -11.88738196052907 -12.191530239071563 -9.639368540936585 -2.8196113340204443 2.657186703938786 0.7589572408978814 12.535172356306331 5.722637266579774 -8.398795043121215 -11.632705489226495 -11.638823641504773 -15.20930082539722 -6.741046559042828 4.833907501879524 19.554669231420718 7.6999721093614255 6.929260679113347 3.031348294872837 8.793741658116996 7.530842462588087 2.6575664386347215 9.336019397384602 9.783088364779145 6.649677737760425 2.8357043488611584 4.455549123419689 5.279975360054705 9.929335843051874 31.26737168341611 27.720292898764338 4.0270308872426375 9.76487379767143 10.912673833834925 8.028729113083818 12.950680027104367 22.619844048477553 6.3275892277025685 6.153058373252308 9.663977271701269 0.029799906514757803 0.053340339729260326 0.6684952510458217 -5.611804899402597 -1.5541315783920322 -5.512553904244212 -3.0091279168696072 -8.47699514706596 -13.2046015034088 2.6069129777411093 6.740567017683448 2.5033250106807796 9.209508720612236 8.20413256851254 11.375988511864602 13.869839710548716 13.978416107678143 6.519534066240704 9.807981613811727 9.798156407742605 6.78819293792389 3.12953694869833 4.927037607925061 5.700632015948573 7.668990889468094 16.111843402425382 31.982199341187144 19.46302095113261 13.461526330445965 6.050852605870268 21.655832613656987 23.116218903688292 32.43833952851589 29.277789865622427 19.420752599900087 5.84021450078103 -2.9070934447555006 -4.6836036602002675 4.040684557876719 -10.632024584564087 -14.905728762220456 -12.263926758974424 -0.31408186361976104 -2.1711477751203136 -12.12602063958442 -13.838777454680676 -2.5581627778651725 -9.864816573136773 0.3144757519489532 9.379417218177116 18.971910722517272 10.562213349122436 3.9458516966120443 13.63222747318581 10.3497785364647 9.453122708549275 6.709617170377926 3.273801705505866 5.06918433892356 5.6941106949569305 6.89662741864771 8.394134282723076 9.8676574640502 10.793701228780172 6.66323896845714 -12.776938978160665 9.74935635976859 10.92459344684942 5.706788757144878 26.351487726025386 20.017992469883172 6.984602979033328 10.193004144556793 0.22294042277598197 3.60925255065612 3.1970508039227425 -4.519458460845082 -2.4058567868772207 8.137698504328029 1.5713540676556061 -10.188533272142577 -1.1110470622888406 7.732411305254583 6.49243056739452 10.221314776193175 7.129503050879145 8.453726121261905 2.5082677315222845 14.575827100523098 11.51353485600638 9.173401558623771 8.815894105423302 6.435725305956558 3.2604054350775526 4.9535929500745075 5.443056974936683 6.308575006474993 7.101150619295131 7.0775715401682655 6.889150930001327 6.266674496927066 4.97432646536588 10.926518808226927 9.872667754220732 7.091099446385283 -0.15983652146081084 7.531596907142994 15.42667742472252 14.090267711469268 10.985748885753706 13.194404226275708 16.903479829313277 9.472424380950756 8.530200005448364 11.866873317583082 2.883689603450035 5.531915665084773 15.092665475138963 16.969394866317316 5.905703192247312 4.618253201731444 6.344698009734616 5.590792918255389 12.243493248121366 20.513078893920106 12.428389307124228 8.27231640695382 8.059110711311753 6.017084054421376 3.1102287412488554 4.650473975327786 5.035294102602753 5.701549291407645 6.253693810231092 6.437013232254963 6.335007578794608 6.5292068397675065 7.139402229494547 7.380485908954728 6.903999025633898 7.427323472387999 -12.67172533386976 -7.41047809588839 15.672255153783766 -11.155565586129063 4.625085745590645 1.114460942402147 -8.078889669014197 -0.8292617668134802 -0.06002999633950635 -2.614130674580058 -2.185165523937068 12.194089864269976 10.075800248381722 5.422558287253372 0.9833653530922416 3.4447686615980735 10.982874055841606 5.764617774107567 13.822477646344149 21.652911580102593 11.561314784687967 7.440992755189209 7.265663413900864 5.499186725904486 2.8769434038161834 4.247790975477876 4.601109745500016 5.275289898142185 5.546992267232671 5.847298370288637 6.080558795210665 6.333796479318169 6.558365161198771 6.289379832028799 5.52601210591818 4.349538234485034 0.12986745607759892 -0.3992325832640237 -3.2582394879570047 -21.045172470791236 -16.734615048919384 -13.050929264799366 -18.11148547174188 -12.451571411158664 -13.160284181960611 -5.3877076378547635 -0.8585155655356959 -6.526320175025174 0.08627294429584037 -0.4696177928257681 4.1204649438570655 7.678610097741931 6.434093007653891 -0.4491880546520178 5.651921586124818 9.912071800043183 7.763993354821671 6.5555973389831275 6.442514515183367 4.9245876792314975 2.611992996975227 3.8275200948873658 4.128874255345538 4.726260637864587 4.934238991103494 5.204125788420603 5.3994134349873715 5.566370756520207 5.6275287172908355 5.3634127660915505 4.755931304245501 3.825121004730374 2.5684771059299942 1.11159468130541 -0.7073114537858594 -4.158675563610494 -6.680989532100641 -9.565179283323197 -12.283157208528051 -7.224161256872614 -9.920467340856185 -3.7914891931173074 4.565885753961704 1.2835812247166145 6.384236495125473 15.52601588380449 12.088306199015454 6.949806818700803 3.875786795470852 6.524484193541064 6.325463281261231 4.556917121201457 5.761063083692276 5.746372980929302 5.6583416884003395 4.35607765532264 2.3358753728316857 3.421216145600478 3.631064759823551 3.991844018982133 4.3072806917853175 4.569825998381968 4.720979169378061 4.795718953707185 4.765877502572547 4.563350146324722 4.13753681924498 3.4644409716781794 2.508429473804466 1.2536482357782563 -0.19343852258828856 -1.5835717306961195 -2.7448597753381447 -3.634475868846248 -3.9752346484282413 -3.270600684080855 -2.2521243910058355 -0.5541167987441085 1.6229749189093299 3.296435482718119 5.277413558639778 7.749895392281952 10.916955154863842 10.485949601352834 8.450396015485087 6.744109435522923 3.9435787296018243 3.5533776568975095 5.109279748513972 5.0356787231839695 4.950951458515906 3.8103445159231755 2.164076513993682 3.1857221603972534 3.383310727238353 3.703857976040513 3.9852325102677963 4.206618531393901 4.3285133433823475 4.354052755766596 4.26848298694905 4.053458607985009 3.678003289872946 3.0894247290801866 2.275075810700115 1.238354188444322 0.07502683136332243 -1.0117237621438504 -1.8904043680600808 -2.441661021024412 -2.569615762873924 -2.196360679918678 -1.325156781894043 0.00885007442579174 1.6206848469003174 3.1226315021050843 4.3379990511532265 5.196091091470328 5.8614307577292895 6.248607207428418 6.327974797500902 5.522367437506691 4.98685206949704 4.829696200558488 4.837783982964329 4.630030496197186 4.540673233069566 3.4734943426344675 1.4715384137807295 2.199772340136153 2.3469659231035975 2.570717112906743 2.7523011951818366 2.8814187191623386 2.9332298729266033 2.9129949434456615 2.8153569131751017 2.6328291886674795 2.3580359870785284 1.9760702384061812 1.4989552340636108 0.9603498157341068 0.40653776803312147 -0.09312380333801877 -0.48725059560738665 -0.7380380855801465 -0.7996115651775592 -0.6049072201840612 -0.1485829588538593 0.5302649278633197 1.3474645890236419 2.143295187592778 2.827884379059752 3.353699302697529 3.7012369682375157 3.889410057476952 3.940049308809514 3.8873937920232495 3.7645859988770964 3.5862685724470267 3.3883650600870068 3.1828537437482862 3.081938334782311 2.2837762912537203)
(UseCyclicTransform "false")
(UseDirectionCosines "true")
