(BSplineTransformSplineOrder 3)
(CompressResultImage "false")
(DefaultPixelValue 0)
(Direction 1 0 0 1)
(FinalBSplineInterpolationOrder 3)
(FixedImageDimension 2)
(FixedInternalImagePixelType "float")
(GridDirection 1 0 0 1)
(GridIndex 0 0)
(GridOrigin -102.54189426875557 -128.24375737142952)
(GridSize 34 26)
(GridSpacing 80.6778771479801 81.27183080661366)
(HowToCombineTransforms "Compose")
(Index 0 0)
(InitialTransformParameterFileName "")
(MovingImageDimension 2)
(MovingInternalImagePixelType "float")
(NumberOfParameters 1768)
(Origin 0 0)
(ResampleInterpolator "FinalBSplineInterpolator")
(Resampler "DefaultResampler")
(ResultImageFormat "tif")
(ResultImagePixelType "unsigned short")
(Size 2451 1793)
(Spacing 1 1)
(Transform "RecursiveBSplineTransform")
(TransformParameters 3.3930995905775263 4.380871006470682 4.4769074704661715 4.625382987334364 4.684727771147655 4.6725920268820325 4.597965027831607 4.528388454888507 4.507487243932135 4.5834077635431605 4.759200676310119 4.993161629080554 5.24779594816011 5.477773070302922 5.63818877001145 5.681161022683613 5.561992524669562 5.217731610705925 4.663281908155733 3.992034471100951 3.277314881417954 2.605325646429798 2.01642724009152 1.5065529139534024 1.0804350183106228 0.7422453920885486 0.48714459682115707 0.30030409146587866 0.16929743907842512 0.08054257615241052 0.023829677557130547 -0.008150833413259114 -0.022342244200341844 -0.026347007481507017 6.354050117738359 8.243978107777124 8.385750275038632 8.542123247241317 8.391839829297709 7.876681956044233 7.0557012039237375 6.228815703768941 5.629635658382036 5.569738960953445 6.063406182666636 6.822769429691813 7.660580644291417 8.400492335621268 8.90221932876473 9.057989534064712 8.779084036517567 7.95793078337002 6.663623542421299 5.151185587552429 3.6245606834967226 2.3266746300550123 1.3443730103845701 0.6101821510594514 0.09076929952338672 -0.25591309221926706 -0.4638635158293622 -0.5621439032537803 -0.5794702055218225 -0.543812179185359 -0.47904614213703495 -0.392964995932101 -0.3261919100815164 -0.1387458296012549 7.609796106638408 9.944971765629116 10.116529427488052 10.26859974429952 9.974651847770184 9.112275662924755 7.766602185310574 6.371312733816285 5.301617696285264 5.104248294986817 5.803880168016481 6.893914923004742 8.086420452287348 9.17206730910535 9.94759450118833 10.214664305389352 9.85334348934847 8.766624661789443 7.079494112038459 5.175766270310021 3.326122188358144 1.8026446962781888 0.6975446799989522 -0.08672152720402554 -0.6005737788962576 -0.9004641871670226 -1.0346822236175974 -1.0463700559981894 -0.9749313941196008 -0.8560869805087975 -0.7195318755920185 -0.5703368020563134 -0.4628550606916756 -0.18303965524936433 9.492157139114516 12.524405554210457 12.754982855189144 12.921116811772523 12.446874020431297 11.156187358360278 9.086487139861028 6.837008454619533 4.990961972741925 4.483505611907007 5.386377538906955 6.800810339747518 8.347805524195156 9.969827665588948 11.351674166465594 11.905877264762752 11.41661571783481 9.904404301922872 7.647193380791423 5.343367777705744 3.319990116629561 1.6547727296760957 0.3871233717451243 -0.5613929417937642 -1.2149842893910692 -1.5591993740988808 -1.6389093502885064 -1.5567189803125545 -1.3815669578884828 -1.1666864039954097 -0.9524078629923678 -0.737635655268773 -0.5897863734593426 -0.21028585896759844 11.50617632424778 15.36887817511346 15.678936820789016 16.038259248352713 15.369282073965513 13.936325855599316 10.908333234470938 7.186168762493877 4.301402079026887 3.1881908263983636 4.611205362007718 6.126088651600989 7.354961188441054 9.78180422941981 12.351216767162823 13.25438474047091 12.528296022608561 10.86092460659649 8.085101060968409 5.573001597880581 3.5879208138650784 1.9036013535831282 0.5637867329450165 -0.5869645328491573 -1.4672644473554992 -1.9142150562687994 -1.963792666718479 -1.8050670626082521 -1.5452038791714218 -1.2607691535279246 -1.0023331889111666 -0.7587914332131719 -0.5987646198577754 -0.17238919148718215 13.6708059663989 18.62770789317119 19.20097688994265 20.20735146965983 19.39298039066408 16.887307172548667 12.98808857506679 7.839654865897655 2.8965544269473615 0.3359143469783178 3.209810644994661 4.2469645428458485 5.0635068745781115 7.804374713595672 11.762859421775117 14.123624540318454 12.35518289157554 10.832475823648645 7.531015755622395 6.050022312177683 5.045118822270889 2.938207184175639 1.300951773008426 0.2584476629813174 -1.2501367522504931 -1.8168876728847176 -1.8205045288871673 -1.6048580259542475 -1.3083910094921987 -1.014194079304943 -0.7731573744025318 -0.5631426209719635 -0.4361766932359385 -0.043940822258793984 15.76151176107307 21.89043280706502 23.365538796297646 24.361288731038947 24.20226305786107 20.403428988512925 15.695244349404401 9.02105297865782 2.7753287598814116 -0.7756439898787659 -0.10067654239179198 2.098419514578998 5.8709492070291684 7.759942239608006 9.399771271214002 12.72533971348237 10.846109987875671 8.947552387495149 3.0449752539763812 1.218457387623609 5.183711803884845 5.939708027767548 1.4557505742600136 1.9691277827833584 -0.958593475940386 -1.0626802833636257 -1.1944907077780567 -0.93006344236806 -0.6059389523450058 -0.32783969763006465 -0.15493115315133596 -0.04719319482230417 -0.009021902290042511 0.22805423000388086 17.49713515734907 24.17248803773059 25.31187878506774 26.358428685847915 27.03382435982658 21.90333755742757 19.885312100135657 11.004314339339903 4.960269917881697 -0.45348728207283207 -0.8744760005884458 1.906668887439431 6.768134616370867 7.009982118056013 5.25949737357133 3.0085303729459603 3.1824514066265785 6.8809000824642474 4.061654552263668 1.1976714389938259 3.3549177853238397 3.8996167943125446 -0.9341942390908559 -1.4672056172223327 -1.5773713810546621 -0.21445264119689897 -0.35285345976583565 0.03188508752916976 0.5002533092372884 0.8379032171980496 0.9496566236587752 0.9106773345406669 0.8035060919450008 0.7206925216983604 18.584779115343476 25.066277679183617 25.055441295464536 24.76162885825908 25.23672705296478 21.71865634318431 15.161260193942708 7.520590255550839 7.063471080818619 -0.15278471887256861 -0.8055904458222077 3.361848170923498 5.404755913779176 3.440086228275431 -2.776018315203471 -4.8877744492341835 -4.930851933608257 4.690396245066119 2.6138552746523516 0.8993680982870426 3.888557109184504 1.9009069224270148 -2.9404527576451325 -2.759895322929949 -1.3185552298473275 -0.7352253641940206 -0.4878487737833846 0.8724347047094532 2.0027237390715005 2.552648495962916 2.6355280714275433 2.412207698335505 2.0999279700449964 1.4974583716943308 18.616815361544464 24.47178972445206 24.92123408746087 22.76390857131704 23.910077885849777 20.733245073460793 8.179441781590466 6.56843042539979 7.067176579320815 4.872482561086882 1.0451600184986032 1.3754040039655786 0.21525545365160376 0.1921356620903234 -5.995549094732122 -0.43504171438926237 4.52437278965996 7.659054157284812 3.598528164351328 3.1096701705125147 1.3541247046524507 2.875772172405033 3.7727606464482024 1.8819379153081797 -0.055991636919678095 -1.0121377286256195 -0.7430532273904986 1.8873236183365822 3.937700702881479 4.896712716068557 5.111626895833871 4.65159874166218 4.052712659821676 2.657095456102768 17.52547512634975 22.1282830507471 21.420680131743456 17.05449657632532 17.53200463355683 17.135725996714683 5.755584737452092 3.211357259925285 4.125594127384881 0.6450763245122049 -1.6019555855757908 -1.2886182044288241 0.23188069038189668 0.7966675461485611 -1.7208013427032114 -2.6680037551824514 4.253725064688726 5.992285158601776 5.358121045861319 7.795238532544158 3.5187088301839022 0.489098766341166 3.0228761732938474 3.0935017997765324 1.0283186028886906 -1.9782337396464278 -0.6127098690769475 2.9520314699310277 6.099909126093569 7.761431186328516 8.11699326568147 7.409765715183612 6.504087756324131 4.137659472389783 15.536504406251503 18.271345956114576 16.149871435318616 11.304718770697637 8.375528778969262 4.388191381764219 5.189252086852207 4.67544931934377 5.761913435184593 -3.7674012288698786 -2.968248833094105 -1.6296924411937803 1.0750592210878434 -0.12924063448220902 2.2386099405944915 1.6211554343014631 0.6491255782692651 2.2845887717158986 2.5660643606591793 2.6865245853173816 4.903790461132777 2.638731805462066 -1.467307415580056 -1.228922261150456 -2.1281604238508702 -5.6645591679969325 -2.132444184619223 3.7914154311042414 8.020464114774327 10.554939841953937 10.964790089494278 10.067919945873555 8.942067429129782 5.712897587892849 12.937775902933389 13.474228038253043 11.068288180604402 7.0790948394528375 0.9557150765757122 -7.366645965356765 1.7777217879720004 4.503488824426198 3.362807014569395 -0.6108653580744289 -1.6990939192503698 0.9058243381034955 -0.5247376997207505 -2.328900132405693 -0.6291450681781791 -0.263643857330914 -5.178773491735818 -6.640881722479629 0.7105783654170711 4.036490757178526 -0.5619945535655634 0.9417949480385382 -2.063771176835692 -9.357490926232076 -9.289935824795768 -7.2048149459722985 -3.375809664895772 4.368338007954951 9.213809388483694 12.254489145162173 13.058218450187626 12.146174067163257 10.96408131005117 7.202230653056828 10.213188051080792 8.651211879679945 5.3746883741552836 1.1903511349469587 -4.080083638119743 -8.95562422266395 -8.254245933781029 -10.134351334370308 -10.41387060783047 -5.868126342677309 0.06698111956998604 3.2654978660727725 -4.81654216646948 -9.418041579641319 -0.15390470392649397 3.005216662310495 -2.293599857216695 -5.919762400126767 2.7596333156054675 7.115320642924247 -1.9491805846291832 -0.880434830142505 -4.221398658547158 -7.402466801006906 -11.888170676981522 -9.458251998130502 -2.525105682552761 5.2548820524926345 8.824170087427538 12.351267329529236 13.486609878757026 12.972854862847369 12.087878287156695 8.380920875810846 7.635777569723218 4.311315941194891 0.5499426606350509 -4.075385958513776 -9.628136510744168 -15.148292079716517 -19.931585324996934 -22.14174174597274 -20.8411534762173 -17.112220448104466 -11.804453428685461 -4.863445601089701 -5.680581130912663 -5.296685641904013 0.5712215893970004 0.4033873986414732 -0.016810351665219176 -2.0444100429581606 2.8175053176213876 4.260433969236273 -4.563404117512266 -4.4852527722033235 -3.7593059061767797 -2.4922598757178207 -6.956224271260066 -6.027029625537017 -4.095521264639059 1.7089827174174492 7.086813285510165 11.315015389496041 12.554375811255088 12.618349860292298 12.300312634770965 9.200250173524319 5.319633271010854 0.6608659439688259 -3.463081318972 -8.965082261935825 -14.680107011260635 -21.0139689138194 -26.958524932254075 -29.83167357924633 -27.008204343083978 -20.24359933136513 -11.566113466434837 -8.098291954556753 -2.4286625477636 -1.2584477459835879 2.7814717489024843 -0.011854657768386368 -0.02230668224005566 0.4225375773013937 0.877956743337884 2.1594330318246624 -2.52353577497933 -5.495787302836114 -3.8493780823204546 -1.9876378138517996 -6.23664045352645 -5.665458967681996 -4.016564729521249 -0.43488502501022447 6.042792280391471 9.978216380305899 11.252792909486187 11.826777830642424 12.086434743665071 9.78855823636436 3.3850319660495565 -2.0631371549371695 -6.303122876050843 -12.036357440271516 -18.143077261573865 -24.087962278572366 -29.40783336477028 -32.11261438848576 -32.699928854134996 -25.11672603634615 -14.504328915969202 -6.889730821726051 -1.4459870580365632 -1.1418350308807281 3.0563278023189473 -1.7296213181539437 1.4521587524867732 1.556107504849509 1.4028794501277329 0.00735179756379075 3.9581038277377054 -1.0073085280346301 1.9477791122997166 0.2531615945429751 -5.623163121733073 -2.048263373116609 -1.710666138108285 -1.5283493401418433 2.9203082836573655 7.359615324692111 9.303092440493769 10.628011547375948 11.708352756102899 10.22566191562599 1.9503057734772835 -3.5897519936613986 -7.588509291454036 -13.052111535882789 -18.856747652251833 -24.112638887978868 -28.517557444617037 -30.587845784797448 -29.117982427389443 -25.09863881828148 -19.838123572861196 -7.852052293248392 -10.41392806948503 -8.227223402268173 2.6620116102053433 -1.1618839263903409 2.7267736957717603 2.4698830425923433 -1.1748088681055626 4.705611067932244 6.733235096895532 -0.8115194976268654 -5.307968467465597 -7.248445311491303 -0.9010155892246479 -0.3541724585859573 -1.1483582782296096 -3.754655358753695 1.2167772098385994 8.301148665503185 8.23097846194482 9.544618392714943 11.431654038363918 10.613470406644801 1.0083399829861017 -3.989909432533553 -7.413369918984634 -12.08267541196442 -16.86053843770183 -21.48243413929542 -25.18210175281853 -26.77574106244664 -25.76915230068237 -23.38169549121548 -19.25891250846668 -13.227094175022252 -12.77854888666862 -7.004840794491735 2.373198661580099 2.681177413347485 1.1191255137812317 2.8259355433989874 -5.18559433683114 -0.3356136088753004 4.385588831357 3.453048081545435 -6.33041658099611 -8.613739997981327 5.002645799470254 2.29626420047503 0.3912633899843045 -1.108943816272926 4.3016136465236 6.2097912745470625 6.20608751802672 9.516791021428938 11.494681661465792 10.964511324504851 0.4161780745782168 -3.691644992634544 -6.374955165988032 -10.070371796346176 -13.853006263952444 -17.55132507833453 -20.53571115722213 -21.91881665418079 -21.60829275964426 -19.38636855698753 -15.982664205121651 -12.735543281760105 -9.649193342973318 -3.974531240475802 1.7931158560979297 2.2767003615444352 1.0037922631860503 1.5410110707669733 -2.1004464095573563 0.35948777221258704 4.809438102903091 5.293994580563539 0.559392028232549 1.7487808631467547 11.308784344482829 9.196462923034138 -5.837811787190995 1.3549763636015675 1.828226099149952 3.2851182440947264 8.21098469682765 10.16405010249706 11.771666907867797 11.201202579540537 0.06446683300950524 -3.0350525006572178 -4.950729097484485 -7.613661789485007 -10.3620077297351 -13.137032982845817 -15.478874295275448 -16.91191896961019 -16.951642904736893 -15.167299110827146 -12.26264811006682 -8.944855435201449 -5.687118194896287 -2.331062152524863 0.5440405199078552 1.7188517901768379 1.7103612266137533 2.520856372674128 3.7895149451774603 7.709539198453334 11.947018459899251 12.95595659085668 12.158121231772276 14.704909448036618 16.469905603449835 17.783411650773083 -0.5484719460200197 5.174987896988119 9.508645647743505 9.529445582703243 12.357214835851096 11.538189162023878 12.227184484883324 11.271538276667401 -0.17713370996268024 -2.430583063638188 -3.725901393803786 -5.543339770236753 -7.430653873522899 -9.369589701524689 -11.089829937678997 -12.266809017933754 -12.544350282063194 -11.48471685679083 -8.993913340353746 -6.121640433740174 -3.1596746031682432 -0.8529698116039678 0.8380690410464184 1.9671198520363273 2.62434390390737 4.087506030198103 6.766242570958585 11.024418390684433 18.127624311436477 23.068766094375224 19.604296917925712 19.19138063955522 18.325277900710464 19.435853676809682 13.924584673741032 14.10823058802988 11.60396141067217 8.400500788531899 8.98064055945575 11.300313581079346 12.464829722737447 11.090567514953314 -0.3691510428837971 -2.043007240410218 -2.924581575248879 -4.171221744771912 -5.459802907162254 -6.781292705511324 -7.956039846235774 -8.73792774247105 -9.01164770460948 -8.498739885043939 -6.460696422236421 -4.280706575932615 -2.12979996123291 -0.47132496720649725 0.9058882018582922 2.1361240913754 3.3017985538638865 5.1474609628656 8.043252933653697 12.149588335523378 18.11787605358894 23.216532666176864 20.165149128264613 17.190609239038608 18.61737989972632 19.77679210255951 18.03493922541409 15.99612160698284 12.798936838275251 10.920962720246028 10.773132849253912 11.557741161550268 12.454708569082188 10.695083963992232 -0.5045368238015451 -1.7690833803149515 -2.373840382542033 -3.2317734327564964 -4.102677758224885 -4.975089436460328 -5.726116569531334 -6.199340550077261 -6.256711526210452 -5.685888704162538 -4.449283345505109 -2.9420521223143927 -1.3619955283535758 0.04737819911601422 1.2918357217353444 2.5316001469008147 3.9554026919663525 5.94967724791704 8.596258225782229 11.89117827628275 15.231768941133168 17.110998127101492 16.755319857721677 15.83047964328197 16.690849808010732 17.479270429201016 18.067005754899586 16.987121049228772 14.555639771636146 12.792473118064596 12.198474231930579 12.04827534760883 12.36711930465599 10.078740658080685 -0.5892699778629527 -1.6379674791024355 -2.1024803046136498 -2.758489709121618 -3.406258040786811 -4.030078118201776 -4.5385974701630145 -4.830070443635732 -4.803787085259694 -4.315783897827759 -3.3832058304798927 -2.1882984688529064 -0.8605734531143707 0.4406747646192978 1.7022105627988209 3.0528086953602096 4.607798073486063 6.566891699546665 8.907444783117642 11.477404524508659 13.84465518142023 14.984784947266748 14.929646455205523 14.816982955939292 15.050611994426522 15.631757191289957 16.280995105316133 16.026753328256945 14.885787348237077 13.857304221065542 13.247419175341268 12.713522724506987 12.519489200053098 9.648122248989228 -0.5935062097040434 -1.173657189580509 -1.386716038123643 -1.6810724121997078 -1.945329881750033 -2.1649008436448534 -2.2997080220339536 -2.320182902378649 -2.193739262882167 -1.8784526084341024 -1.3687540358667334 -0.6951232576641757 0.11968598279229357 1.0458703957878268 2.0734355112545138 3.2131262512463388 4.465989380618812 5.853482637358633 7.3036893738210455 8.643985597338922 9.747798144124324 10.467724996189657 10.807833047196555 10.922459916534297 10.950886551633179 11.105985997625343 11.416992063650735 11.749000712758043 11.965991407133208 11.818228313248035 11.306933992107561 10.48850922622649 9.858373070538285 7.094740612511083 -3.124398121575159 -3.9716948212272816 -3.977402950422469 -4.01804590649133 -3.994676354405671 -3.955806279878473 -3.8987308549866557 -3.8306234198103106 -3.73779460086875 -3.587159753998884 -3.352992488364552 -3.0105190391581185 -2.5388941760922235 -1.9039108812987464 -1.137393960973128 -0.3387941596111903 0.41066720457600614 1.0100795481628153 1.434015463914558 1.7320249649803208 1.9352991733164087 2.084075450452253 2.1900568906950175 2.2371019416386373 2.216309384899331 2.1135255663878256 1.9339788303871106 1.7021036965623273 1.4372273631319967 1.1569333991594692 0.8840445292348523 0.6238374413474138 0.44393933195681035 0.0751613150498199 -5.777154866749093 -6.735995073331082 -6.365917982568744 -6.009720367339754 -5.661041544678253 -5.483097083362842 -5.4734616201694095 -5.507830995492182 -5.550555236600098 -5.656626523711098 -5.755154856971655 -5.66419739044656 -5.2301734176506605 -4.221994253362713 -2.69973863862397 -1.015711999395747 0.5569010389514342 1.6777071950701075 2.2667688693986823 2.5020869763513844 2.5021585942361604 2.4162687802124916 2.3105683127880163 2.1728195876973464 2.0068563609113803 1.8103130743763145 1.5867009236938552 1.3438930754406497 1.0879616069673763 0.8203400556444155 0.5565266856981794 0.30641632487242587 0.13131059368152456 -0.1842397957407273 -6.720150198791069 -7.4824425122260445 -6.818369732120247 -6.173225397383409 -5.648202396013081 -5.463373927913901 -5.589484532315533 -5.738316942099295 -5.862766489822694 -6.161702088851973 -6.558464004858002 -6.754336552894236 -6.484469032324662 -5.3339443130525455 -3.3753935224152443 -1.1657270121980527 0.8787049529090688 2.2513033481840083 2.8447039567745622 2.9594225664674654 2.777589355090856 2.49790337020389 2.2142041658878444 1.9142160237732968 1.6147197667746704 1.3378861011230068 1.0899617840232212 0.8614372135352298 0.6455466528532923 0.4291127654134763 0.2174995100449408 0.020545677724408348 -0.11764130879639474 -0.338717977715257 -8.168193469494783 -8.651451067640851 -7.550105428873656 -6.547325199153739 -5.836833796941404 -5.724235154117481 -6.129112956101038 -6.430464476605256 -6.55746524995654 -7.112732309710109 -7.983629341983138 -8.707119356234065 -8.798090618088962 -7.428743238422785 -4.688525973249768 -1.5697686400310038 1.2417219335446272 2.979409340026177 3.525068207962694 3.466756968550012 3.101515778465771 2.651046931880981 2.215711749147859 1.731150592245705 1.2252033711802155 0.7923922597445392 0.45987353485389604 0.2014641517320349 0.000662136780892728 -0.16694606893662914 -0.30971385091575204 -0.42500437794744494 -0.5013519823488167 -0.5703105537937915 -9.720779380662547 -9.979147195582705 -8.601757138384869 -7.57897043585372 -6.163883929996327 -5.86063308157229 -6.84067911442421 -7.2799399844986175 -7.7951178708559254 -9.467645608764583 -9.789690609890208 -11.002494800154931 -11.141319055345045 -9.631198420427149 -5.925923046001418 -1.6690598492455122 2.030003254489933 3.633416876323291 3.75474781864871 3.7114829249950687 3.4359053221056706 2.997714228958402 2.4776677846627866 1.7939376908325446 1.0065547756032305 0.33828787012631467 -0.15408307927046283 -0.5148084055286033 -0.7601963346117578 -0.9064871731256874 -0.9749849197173402 -0.983244540351884 -0.9708971986088489 -0.8348531854988341 -11.43535910288286 -11.9085817252332 -10.50749824526172 -9.504376406620077 -7.24881754783644 -6.797450688354154 -7.711668639240107 -7.031574442427507 -8.156972483139942 -11.631220362748993 -12.247548597329759 -14.978516628944256 -14.638998517322342 -12.105486892015069 -6.294026680707751 -0.6808668377094631 4.086994238589683 4.742614220827391 2.501988979658771 1.9789290100087147 3.9541923639168473 4.104251781139619 3.738965633829656 2.2672788733391473 0.8613607666121972 0.04339003171685464 -0.6552878905919732 -1.215840493942693 -1.6102715394345377 -1.7935596874556765 -1.7934178594685808 -1.6699624326995202 -1.537286317743235 -1.134367833417864 -13.201842875435554 -14.325752815702188 -12.929415739902863 -12.022208791059965 -9.765712583797075 -8.77937796413758 -8.642650082961959 -5.396844452698342 -6.527239075592364 -10.858948708020277 -14.498999958269652 -16.76981202214187 -16.8768315624523 -14.187148973566384 -6.836138311259255 -1.7479468275363328 2.9324528532574416 6.702871959522692 4.760114545244551 3.103474752490901 6.632131192376126 6.200899747044497 4.714876429662609 1.0846263871679156 -0.632533975403689 -0.4457917884253122 -1.018198417454953 -1.8719641531135232 -2.51524287648206 -2.7884584751152035 -2.723019113154342 -2.4476972282570406 -2.167406945969222 -1.4490363621967728 -14.913914305949396 -16.804012656229034 -15.83969440446028 -15.305668657064126 -12.654655337094963 -7.660804981107918 -7.23558686970246 -7.448008358575795 -9.254980472355667 -12.338560366717287 -15.215052824249849 -13.963471401396948 -14.036918584792696 -14.268712281582294 -4.984389220481627 -0.24033861697414502 2.3280162178394117 7.059974224630915 4.446858088901186 5.730785680058964 8.956811789855815 6.469064136347503 6.636620477681628 2.5177487368231763 -0.8525256477084742 -0.806990206160919 -1.2180677587356756 -2.4595512501951364 -3.4069579911337455 -3.7955258671360124 -3.6740505677518973 -3.2405345288909815 -2.802348058288884 -1.7531285637284169 -16.446923485125097 -19.020342282241014 -17.864388443609183 -16.49875688927125 -11.998326516635924 -7.148799604121828 -5.017821288540834 -7.0126186849150836 -10.230709726088971 -12.270287359926582 -12.003217001012066 -9.608965344671201 -9.992798403877945 -9.487730499263058 -2.9604837546703693 3.0223807797225417 3.9372389513028443 7.629944134104399 2.2946339751378977 1.8472858048897411 9.395948909490913 7.161803386494774 9.99878745940053 5.963106727415154 3.098217852984631 1.509672796967452 -0.09572016707843582 -2.952970938523613 -4.291319455413486 -4.77496803366179 -4.592791723209763 -3.9902437465664664 -3.3896197672368324 -2.021801295222633 -17.659272243814247 -20.826131146582725 -19.861826899770417 -18.43774460760826 -11.706107538605734 -8.447100947426224 -12.05503849267441 -11.679064643684683 -12.635907021564785 -9.53858815358087 -7.149203150474502 -8.57399575885282 -7.494745177505793 -4.513088736540156 -2.0215783625342896 1.9333461097385414 5.643446683320835 7.2907048732887185 1.3253141328979625 2.7780179329879062 10.042916513359495 10.489207430544623 8.838865599336275 4.851893821395935 3.4433653537806963 1.6782882922327993 -0.46246117119506797 -3.924003205844165 -5.251522463596831 -5.766996295672693 -5.414818779928259 -4.635094934898174 -3.876282353354944 -2.2256739971571053 -18.415762636230276 -22.015015829556912 -21.890381512378923 -20.305421022665374 -15.029385273875349 -16.888652993050624 -24.72584871725613 -17.022136278497324 -15.77166537040346 -10.67287465534984 -3.9757351254917332 -4.699642003051521 -4.014931764838505 -2.413202296767908 -1.0356057205488551 0.7166500645569857 1.2025795003443778 -0.5988163501689778 -1.775340025258385 0.3935627566709103 2.32109029368324 0.19990130670101805 3.4874207038467073 2.0736600744940117 3.5942445408690817 0.592359974071279 -2.511581757063663 -4.7513548570530935 -5.917932315380691 -6.387542537629869 -5.926487250257988 -5.075258222972248 -4.206457915394314 -2.350749010229549 -18.558629133914334 -22.400055416133565 -24.479824057326052 -22.406621405027185 -17.681472428229636 -21.897901072987654 -24.222882074221037 -20.066987875862356 -17.59939263262182 -8.163990726899623 -1.2550186726637433 -1.173042644245195 -1.0240451304182696 -0.6531092992275538 1.6319082977890094 2.0509716140651872 -1.313088254368612 -0.49970901708458 -0.6496107779079044 -0.5775030661478283 -1.3543286464531044 -3.296735672775486 -0.3882473499187122 1.873929389867015 3.632515409858333 -1.2301748121651384 -3.13054019105949 -4.51847008341529 -6.228491527722365 -6.667956875324525 -6.223176956084937 -5.261130838359148 -4.325186407960655 -2.396279164421397 -18.01979754726644 -21.37134504381116 -21.33098057634969 -19.348876077999993 -14.981113646535231 -18.918338471776618 -23.602562587678175 -24.67906055934314 -22.119067423389428 -5.735266594299464 -0.04740186734886862 -0.9558662152517065 2.707734046708696 3.8657192181694526 6.217958270058415 2.6234844027249364 -0.3628216770727403 0.929347994709417 -0.782599771467963 -0.5223305048078103 1.090784361514082 1.7738886042091562 1.3826587325767763 -0.003952794474714258 0.5362162164148639 -3.7213378379045485 -3.6468727580411513 -4.5469245588905505 -6.2784582518704815 -6.385515326541101 -5.996623527572544 -5.083646122689084 -4.183816650234672 -2.364203211171917 -16.773357899775874 -19.358077018291816 -17.907323682287135 -16.124455431682595 -13.688529852328097 -13.01731789592905 -14.869991426877162 -17.562276734916605 -17.605925908877445 -11.701149667573212 -6.383508754619723 3.0470691157336622 8.315067271281816 6.423218930721327 8.060400271676315 6.400646817349842 6.1916525136489575 -0.042468748255235354 0.12980666202884308 0.581889772795742 0.797218805855339 1.0670504826017841 -4.041187122739387 -6.340572984875125 -4.168433153473992 -2.8547527676755906 -4.481662280861906 -3.6308279082588792 -4.998386916832947 -5.349424341380779 -4.982340200595908 -4.336279604310645 -3.670900016802416 -2.2464901986881074 -14.952381153348782 -16.582953213531724 -14.981035644487218 -13.012767266888664 -10.618462644389277 -9.405811233829018 -9.571313726490104 -10.746213878362576 -11.996790790242349 -8.984850469965684 -3.39737663559109 3.220259458635622 11.619969382289852 6.219039813677499 8.723227064865927 3.4909508003941334 1.9111990209776428 -0.08817281859696606 -0.3410882433171924 6.804052635456686 3.6080902333211706 -3.445719432654678 -4.851297617002318 -1.883386392338934 -5.684063388449191 -5.991041042805366 -6.02411487057234 -3.7006605537204744 -3.485975927677581 -3.5996490833449335 -3.5312465092143457 -3.2405148010100504 -2.9380717802776126 -2.0961168781131176 -12.886359735697752 -13.515111849511365 -11.731928144652832 -9.069494635993006 -6.581668861632769 -4.577108015252444 -3.2776008046588787 -3.2421919914690123 -4.682990993137541 -4.889851722121936 -4.130336599862231 -1.1577419108852656 3.0198844134930383 -1.4355923889051483 -2.07807402923105 1.5002701003186223 4.351255081961009 0.7314202301641636 -0.544828078182787 2.8538530339002333 1.5980237246231068 -1.3189556851384598 -3.19971446700799 2.513509732982454 -4.978527676289254 -4.233155867089594 -3.9543325027615284 -4.43891991471924 -2.872584824173946 -1.4263676634965718 -2.138680240197964 -2.4918787868939285 -2.4530815178176786 -2.0234867421328686 -10.807328219680896 -10.554070932769045 -8.638256592147302 -6.006449013992789 -3.3522083527254267 -0.29783407236800397 2.037026234305029 2.571575182821083 1.7277495544191441 1.961009721384763 1.507790282963109 0.35372031190436865 -3.7604889050793044 -9.269117206492448 -22.989120342416314 0.034469651158690974 7.530035922104143 3.0991524166727684 3.5804552022290435 -0.3548249130419546 -0.4624771390875768 -6.580101726489405 -7.454444273022962 3.332151015393895 -5.500824477424648 -3.5372429784458546 -1.424844474176224 -0.4050158702870905 -3.1756514117159145 -1.4983574619109283 -2.01137058506779 -2.5756679206155852 -2.4295027251589745 -2.1459235996431216 -8.94100788135028 -8.126471708500256 -6.205357594923066 -3.5491957518041497 -0.7011315373369659 2.8307200152187657 5.87255722892715 7.339944427436027 6.550447147105042 5.861222590309662 2.385136173271651 -0.22072340168620644 -3.3374706218765535 -6.485869967067485 -13.536762101269607 1.1685069025240948 11.824973082431354 14.20389887632729 12.449777380906536 7.449101615004037 2.8588059195177005 1.4528911551113657 3.026271948715903 3.472107792616058 2.2517465167636046 -0.2573700070842625 -0.34489498790262485 0.12006837508152599 -6.060754109797663 -3.6008701808857406 -2.7960656337821717 -2.9397930369727714 -2.8622597995799777 -2.6662152340276033 -7.367400777300664 -6.342273447019613 -4.5699754031672875 -1.9752122542143968 1.1053436976284903 4.648953942185266 8.131277439262004 10.547640187651476 11.430679253604485 11.525805778197258 8.69528172466154 7.766612102456513 5.915309514492092 -0.29456539485454414 -1.8996302887602972 6.995192876350643 16.112008327266032 14.678388833272633 7.877797064529541 15.99481515751592 14.200349114123224 8.159677705493555 5.226203952189342 6.740888394631085 8.447985751554882 -0.30037996546676893 -0.16331590463483744 -3.320080693502453 1.3185938558581038 -1.0510296615306822 -3.100081817200883 -3.1336032186018334 -3.8168859305721323 -3.5485284883098376 -6.0107677762488825 -4.982136527489785 -3.4479971094322868 -1.1232616287965156 1.7878279077253205 5.393203279912092 9.162042028565484 12.316540447835262 14.384251650978886 14.8084282698605 13.955331695583505 12.636513280159297 11.99337391376819 11.024160635859923 9.685921449568655 12.421495634774239 16.34143480819302 13.551727624440995 11.008518761513962 16.879920994651403 11.943576313847418 9.518236364403874 8.824145759709113 7.708014113416803 4.793852951299207 4.40536104893155 -4.511516793125772 -10.69096831034462 -1.2362214405561305 -2.995190824607659 -6.069653628852155 -4.9850537545607425 -5.498333311097863 -4.530640894906755 -4.8282828273095735 -3.9046772330807253 -2.6415596401332295 -0.6590092927317837 1.9425262020245666 5.417331929152741 9.2675992644712 12.992353616964506 16.444541517597806 16.63486762340893 15.43053754988609 14.258157322508659 13.331599438509757 13.424066638883456 14.186518336952005 16.1357806955821 18.61131427433834 19.595663841727035 17.966708243462044 15.774321086940878 13.31867894198642 10.706098826194395 6.9830870075531 8.545790442886094 5.462069400348983 0.9523030674097194 -7.844083807207785 -9.994337829074814 -8.689886825265864 -6.790123775383711 -7.371250501751738 -7.607100553083642 -7.583210201004003 -5.385861828066888 -3.7479346864713765 -2.919380198513171 -1.8981002995990361 -0.24809288515010813 1.977171726817407 5.005476638907611 8.577954970153408 12.197466482376567 15.566970580101165 16.05765175768832 15.495103975215976 14.89708757372588 14.363434421602701 14.894761373127109 16.48135647955098 18.18139390183509 19.435820874861523 19.362261783550856 17.743163896215727 14.799425376169994 11.91623372419498 7.102191010990208 2.99101300136747 4.332579949645755 1.4971308919453548 -5.64517103977716 -12.644306320387805 -13.359884359315958 -11.089966960318668 -10.633727222129147 -12.223770598958863 -9.959137450612127 -8.92524534630322 -5.778613757164513 -2.7720484710640205 -1.983561047548121 -1.1475341694739114 0.22069183159842456 2.0677526906921178 4.569805406188978 7.545772812953128 10.522136569835572 12.94876328083146 13.997953682682278 14.416086264685552 14.398415011066476 14.459560474320472 15.1201925456001 16.518539482878104 17.919487899417852 18.682907280718084 18.13216781464906 16.288037974699478 13.035336559355537 7.7228057130878085 1.0189934862190348 -1.9936784742465639 -1.6957876321189704 -0.5993319720764383 -1.1998738727249385 -7.890629450961785 -11.086174638922907 -10.688345306827172 -11.515930761372656 -12.9135696738505 -10.863197937801978 -9.26240548888665 -5.688119567099043 -1.9030768339674469 -1.134456874048434 -0.44887642619207063 0.6681637321963767 2.1446089120250016 4.0950967508806935 6.393604951123461 8.727062503963213 10.786042448125382 12.11020308358822 12.761480791200865 13.138170708301557 13.532893553701193 14.275578540243497 15.329123129348295 16.21629008965285 16.551192295384286 15.849050464368714 13.955182491269113 10.855767877226132 6.8615853691464235 2.4319623675900046 -1.5924845177142326 -2.3238719359061095 -1.585590536713974 -2.0321103845297137 -4.9329400209744785 -7.628184376900764 -9.372111726400052 -10.48193043017804 -10.707433551591961 -9.788502297856436 -8.5751762170579 -5.316536520602229 -1.3241607524888086 -0.5517763656224461 0.044662389097067746 0.9989851585592051 2.2180565877979186 3.7717932879304494 5.572565065379818 7.425828615604429 9.14756463072538 10.474752595325032 11.380755335298614 12.0768802602498 12.692388926967256 13.40133950153786 14.136153338977655 14.583145595927695 14.489414740841312 13.527324832162073 11.631873979050322 8.925728547708577 5.737597348900565 2.7285144614457515 0.25477990781696286 -1.3337008696540236 -2.259877537289066 -3.4376412135972707 -5.037383361799799 -6.747323517522446 -8.283078969545839 -9.118747095181286 -9.146955397443106 -8.430809486635683 -7.5841003448003415 -5.001619248531068 -0.19408859024581765 0.4494997660373307 0.8146358778294215 1.3773686175078566 2.0402768775556512 2.8176821585710603 3.682419555404888 4.605825411720499 5.55817601850209 6.512059949641838 7.428055073588559 8.25456460487499 8.94319744638744 9.449519620972689 9.713896174059215 9.659057506884206 9.218495656145219 8.29369177029121 6.930096030663118 5.319741562110576 3.6134645356595696 1.97576965797864 0.5121481289236878 -0.7034184532048979 -1.6861927551028346 -2.5782725633249552 -3.4120286544492915 -4.1494948160499 -4.729392290126804 -5.004602038391366 -4.9900717950723426 -4.78749695492862 -4.622489581013604 -3.5149848839377547)
(UseCyclicTransform "false")
(UseDirectionCosines "true")
